0 1 655
1 2 115
2 3 26
3 4 760
4 5 282
5 6 251
6 7 229
7 8 143
8 9 755
9 10 105
10 11 693
11 12 759
12 13 914
13 14 559
14 15 90
15 16 605
16 17 433
17 18 33
18 19 31
19 20 96
20 21 224
21 22 239
22 23 518
23 24 617
24 25 28
25 26 575
26 27 204
27 28 734
28 29 666
29 30 719
30 31 559
31 32 430
32 33 226
33 34 460
34 35 604
35 36 285
36 37 829
37 38 891
38 39 7
39 40 778
40 41 826
41 42 164
42 43 715
43 44 433
44 45 349
45 46 285
46 47 160
47 48 221
48 49 981
49 50 782
50 51 345
51 52 105
52 53 95
53 54 390
54 55 100
55 56 368
56 57 868
57 58 353
58 59 619
59 60 271
60 61 827
61 62 45
62 63 748
63 64 471
64 65 550
65 66 128
66 67 997
67 68 945
68 69 388
69 70 81
70 71 566
71 72 301
72 73 850
73 74 644
74 75 634
75 76 907
76 77 883
77 78 371
78 79 592
79 80 197
80 81 722
81 82 72
82 83 47
83 84 678
84 85 234
85 86 792
86 87 297
87 88 82
88 89 876
89 90 239
90 91 888
91 92 104
92 93 390
93 94 285
94 95 465
95 96 651
96 97 855
97 98 374
98 99 167
99 100 380
100 101 364
101 102 215
102 103 687
103 104 274
104 105 719
105 106 960
106 107 700
107 108 664
108 109 74
109 110 624
110 111 651
111 112 176
112 113 547
113 114 747
114 115 251
115 116 168
116 117 474
117 118 389
118 119 277
119 120 948
120 121 656
121 122 705
122 123 571
123 124 225
124 125 702
125 126 333
126 127 864
127 128 787
128 129 795
129 130 58
130 131 235
131 132 842
132 133 33
133 134 825
134 135 324
135 136 411
136 137 275
137 138 68
138 139 217
139 140 936
140 141 966
141 142 581
142 143 898
143 144 736
144 145 323
145 146 218
146 147 672
147 148 512
148 149 406
149 150 906
150 151 937
151 152 659
152 153 470
153 154 147
154 155 272
155 156 143
156 157 253
157 158 763
158 159 575
159 160 552
160 161 270
161 162 765
162 163 599
163 164 439
164 165 920
165 166 598
166 167 409
167 168 371
168 169 225
169 170 142
170 171 522
171 172 506
172 173 94
173 174 774
174 175 49
175 176 882
176 177 113
177 178 157
178 179 643
179 180 164
180 181 812
181 182 697
182 183 433
183 184 611
184 185 66
185 186 395
186 187 391
187 188 611
188 189 480
189 190 542
190 191 258
191 192 995
192 193 567
193 194 882
194 195 966
195 196 12
196 197 697
197 198 739
198 199 118
199 200 699
200 201 907
201 202 550
202 203 769
203 204 274
204 205 788
205 206 657
206 207 349
207 208 115
208 209 301
209 210 446
210 211 162
211 212 465
212 213 4
213 214 977
214 215 740
215 216 897
216 217 737
217 218 270
218 219 996
219 220 513
220 221 781
221 222 183
222 223 520
223 224 935
224 225 109
225 226 892
226 227 641
227 228 306
228 229 862
229 230 655
230 231 520
231 232 624
232 233 204
233 234 157
234 235 383
235 236 781
236 237 166
237 238 553
238 239 977
239 240 798
240 241 945
241 242 544
242 243 941
243 244 1
244 245 614
245 246 332
246 247 501
247 248 20
248 249 115
249 250 952
250 251 372
251 252 900
252 253 852
253 254 827
254 255 315
255 256 246
256 257 60
257 258 247
258 259 900
259 260 581
260 261 970
261 262 81
262 263 88
263 264 750
264 265 498
265 266 836
266 267 71
267 268 779
268 269 546
269 270 785
270 271 129
271 272 132
272 273 676
273 274 487
274 275 970
275 276 563
276 277 170
277 278 272
278 279 541
279 280 894
280 281 622
281 282 434
282 283 988
283 284 217
284 285 952
285 286 553
286 287 774
287 288 748
288 289 707
289 290 206
290 291 731
291 292 320
292 293 409
293 294 688
294 295 666
295 296 383
296 297 449
297 298 922
298 299 530
299 300 463
300 301 124
301 302 254
302 303 231
303 304 66
304 305 347
305 306 22
306 307 603
307 308 568
308 309 236
309 310 603
310 311 226
311 312 8
312 313 73
313 314 725
314 315 647
315 316 61
316 317 235
317 318 70
318 319 928
319 320 33
320 321 881
321 322 339
322 323 73
323 324 527
324 325 244
325 326 286
326 327 686
327 328 498
328 329 220
329 330 553
330 331 136
331 332 741
332 333 958
333 334 904
334 335 585
335 336 591
336 337 485
337 338 249
338 339 804
339 340 485
340 341 827
341 342 417
342 343 195
343 344 97
344 345 100
345 346 675
346 347 442
347 348 363
348 349 434
349 350 421
350 351 479
351 352 885
352 353 747
353 354 56
354 355 690
355 356 670
356 357 662
357 358 101
358 359 63
359 360 413
360 361 746
361 362 348
362 363 820
363 364 883
364 365 112
365 366 255
366 367 197
367 368 195
368 369 550
369 370 460
370 371 144
371 372 433
372 373 188
373 374 286
374 375 474
375 376 256
376 377 896
377 378 946
378 379 78
379 380 454
380 381 828
381 382 883
382 383 877
383 384 564
384 385 101
385 386 52
386 387 668
387 388 554
388 389 857
389 390 16
390 391 993
391 392 96
392 393 949
393 394 772
394 395 870
395 396 243
396 397 171
397 398 417
398 399 498
399 400 493
400 401 219
401 402 886
402 403 411
403 404 925
404 405 61
405 406 169
406 407 389
407 408 3
408 409 400
409 410 272
410 411 949
411 412 803
412 413 804
413 414 466
414 415 293
415 416 434
416 417 714
417 418 981
418 419 749
419 420 803
420 421 570
421 422 678
422 423 736
423 424 499
424 425 159
425 426 195
426 427 304
427 428 223
428 429 992
429 430 60
430 431 594
431 432 754
432 433 556
433 434 63
434 435 766
435 436 322
436 437 59
437 438 52
438 439 599
439 440 489
440 441 515
441 442 942
442 443 874
443 444 544
444 445 162
445 446 59
446 447 984
447 448 521
448 449 83
449 450 872
450 451 191
451 452 71
452 453 610
453 454 70
454 455 692
455 456 883
456 457 241
457 458 414
458 459 123
459 460 965
460 461 912
461 462 584
462 463 253
463 464 593
464 465 609
465 466 41
466 467 635
467 468 84
468 469 430
469 470 674
470 471 598
471 472 579
472 473 536
473 474 324
474 475 958
475 476 268
476 477 210
477 478 686
478 479 734
479 480 322
480 481 245
481 482 272
482 483 406
483 484 135
484 485 688
485 486 661
486 487 308
487 488 469
488 489 324
489 490 952
490 491 770
491 492 959
492 493 75
493 494 10
494 495 470
495 496 637
496 497 577
497 498 103
498 499 76
499 500 551
500 501 219
501 502 519
502 503 272
503 504 136
504 505 956
505 506 358
506 507 903
507 508 71
508 509 901
509 510 251
510 511 379
291 161 3590
309 8 4544
306 106 1101
270 118 877
159 278 2309
215 351 1668
270 500 2058
52 94 3470
283 45 30
341 133 2146
165 452 4520
437 9 917
77 152 4470
36 378 4772
151 440 1045
42 315 2988
40 366 1721
255 105 2898
416 158 1940
166 181 3378
25 183 2722
421 254 2186
163 110 3134
39 481 1823
204 471 2865
312 233 1827
24 197 3265
336 285 569
285 359 4174
409 339 227
118 267 1463
271 39 889
444 353 2570
446 118 3156
194 260 364
446 1 4260
201 372 3534
71 338 2572
127 307 4155
316 418 2673
412 302 4542
130 196 3445
388 178 4663
308 415 4489
0 311 2351
215 440 4752
329 476 3620
452 218 4188
484 173 695
290 343 766
240 317 1841
203 150 201
47 250 3893
74 466 3396
199 393 4050
409 249 1209
5 109 3483
224 180 4244
475 51 4567
255 124 3740
136 475 4352
324 453 4136
436 456 1304
486 460 2124
253 283 4271
496 244 2250
450 79 2341
240 278 2752
327 82 1134
154 236 3138
156 219 527
424 417 2711
477 425 511
211 430 3191
20 389 3908
6 360 2447
399 429 4410
225 499 1798
279 446 3979
29 398 2754
414 169 3829
130 27 3228
27 85 3512
138 472 1489
51 266 3106
335 216 3725
334 345 3106
284 431 2067
83 481 159
53 358 1837
70 41 255
253 204 167
156 244 1035
484 117 4621
223 476 2100
377 171 4964
117 167 2549
110 26 2556
384 406 1625
77 248 835
308 123 4637
42 355 4365
438 379 565
349 12 3442
501 108 3552
370 470 1254
445 180 4275
276 495 3809
446 274 2641
251 88 2285
461 249 3807
388 344 236
506 332 1490
499 217 2907
264 348 2291
282 10 4233
195 87 1978
416 500 4549
246 487 4021
458 17 763
301 226 3313
249 313 4765
377 484 4535
352 435 4509
338 360 3718
277 313 2060
236 123 1578
323 122 4390
189 196 1773
495 283 4830
289 102 1591
303 232 2957
183 309 116
129 280 373
55 299 1035
502 105 101
291 480 3922
451 348 1511
52 258 3914
116 66 3283
503 75 4727
54 155 1223
311 87 2034
121 426 4967
231 389 3691
453 304 4822
439 312 4659
61 101 1703
216 270 666
160 245 1424
76 160 22
418 461 4865
481 298 268
237 295 2317
464 72 1913
270 202 3483
117 230 1221
272 145 585
61 169 2520
295 449 1019
479 311 3298
278 505 3587
82 40 3540
330 256 212
93 234 4713
21 275 4721
41 179 3855
452 284 1487
446 503 748
481 356 3346
341 328 857
164 337 3373
507 295 3281
37 465 722
322 258 2649
118 413 4216
1 473 3386
55 192 4248
370 510 3622
52 208 2188
134 294 3590
496 124 237
245 162 2546
14 417 764
230 116 3781
120 157 4083
298 279 3404
494 483 1997
467 148 3143
195 139 572
282 424 2785
273 2 2318
305 501 1218
457 495 2828
340 386 3731
329 193 1957
392 239 3366
44 325 3875
390 395 1247
507 37 1035
339 102 3607
102 467 126
147 419 1265
76 480 2172
346 407 658
336 389 2595
499 36 561
240 294 1864
92 444 807
102 454 1363
306 29 377
332 57 2404
367 383 3529
149 250 4352
421 184 1393
179 80 4993
391 246 4077
146 237 3778
260 470 2092
9 476 2357
161 75 3619
353 306 3476
256 467 2475
203 393 3959
109 242 3125
367 302 2419
22 405 2249
8 50 4968
508 293 1886
360 224 1558
256 140 796
40 316 3612
34 373 1077
92 302 2677
425 179 1645
135 374 4349
279 168 2106
493 302 2775
117 479 617
144 231 3256
374 92 3233
14 270 4396
126 465 3020
268 390 3044
110 239 3863
25 335 4998
226 64 3804
309 418 956
143 46 305
311 504 952
99 240 4404
138 397 3717
379 429 4812
158 424 812
501 417 2292
33 379 1780
454 455 1935
371 101 3010
367 62 3262
282 194 1001
465 93 1738
21 51 2733
249 128 4626
210 70 4541
212 221 1909
336 151 4883
2 283 1186
133 256 1430
112 26 1080
15 366 1950
331 16 1428
271 53 1039
431 116 521
487 459 2966
111 462 4128
226 44 4272
308 469 256
62 490 3291
436 110 4017
454 75 662
329 151 539
129 281 4796
332 390 4894
301 464 4142
440 101 938
220 440 3700
233 423 2777
464 408 3408
97 320 3497
320 261 3067
156 485 550
93 87 764
442 98 3053
133 61 4805
337 125 3366
362 433 422
294 319 2881
106 217 1268
493 229 887
358 376 942
285 231 3516
26 273 238
184 279 2532
347 359 51
185 146 4640
410 71 1163
31 93 4346
220 385 3440
464 349 1290
378 319 2658
86 53 1275
161 50 669
278 453 3474
497 452 3393
279 220 4198
116 353 3522
113 290 4859
498 315 373
225 404 4910
56 7 1675
308 216 1125
261 296 2688
122 7 4075
440 179 1059
389 235 4099
362 73 3253
43 446 154
470 79 2565
439 414 3422
296 117 3319
21 332 1408
471 370 722
447 108 1994
446 410 4293
80 405 2542
347 226 2729
172 78 4182
116 198 2863
359 151 1936
105 149 2097
202 177 4935
156 77 1452
505 475 4619
459 330 2590
154 450 560
480 452 2481
281 57 2884
75 317 3783
462 38 467
377 293 629
92 393 3791
42 460 4684
192 329 4957
487 154 507
461 105 2814
86 176 321
253 448 3600
162 372 3055
289 396 3349
346 53 2742
67 337 775
395 290 2065
153 341 668
144 358 2542
401 132 4875
86 317 4579
385 336 1047
95 433 4166
370 18 2971
316 184 1755
349 497 1573
231 140 1270
79 302 829
38 344 1074
385 157 1330
185 169 3586
44 420 2985
243 454 2335
459 239 4375
244 316 3843
198 376 4673
451 472 2309
391 428 1328
204 141 2049
53 492 3041
105 127 2336
85 164 2235
460 150 3584
93 227 3696
357 27 3399
54 405 4113
382 241 3164
83 383 1840
28 326 812
343 149 1128
39 293 3871
142 480 3675
5 81 156
262 220 1225
433 113 2361
243 308 999
48 244 3440
468 64 909
511 16 4222
247 147 2387
439 1 2891
246 426 1535
87 369 555
20 399 3852
44 396 3059
259 16 2926
69 353 1976
106 340 1093
45 360 4473
346 179 3807
490 186 1105
64 468 303
300 206 359
204 42 2586
317 407 4449
484 259 300
195 292 2925
48 339 2239
127 376 3580
409 450 3168
347 191 4065
509 376 4254
273 84 3478
80 440 4936
184 300 2632
105 81 2687
302 313 3653
436 170 3637
359 457 347
361 445 2250
58 76 3328
372 163 256
146 448 286
129 68 1934
375 370 3137
33 157 3686
379 380 3637
78 140 4338
375 407 2576
285 255 930
26 190 4089
396 120 2145
266 456 1758
292 502 1640
125 138 607
462 176 3647
89 327 2847
66 297 2458
161 178 2962
229 124 1647
142 242 4048
26 369 4539
377 478 4520
132 88 539
316 407 3922
420 419 4710
75 128 2598
75 460 3817
352 131 4517
186 132 3545
56 127 4245
156 311 1349
165 330 1848
354 290 647
256 201 4513
281 128 2481
95 172 4849
157 175 4958
345 42 233
83 46 4725
271 215 4687
426 31 4080
296 309 3957
250 415 2437
464 74 491
161 450 3405
495 475 1672
348 147 2561
326 353 3267
133 379 4219
108 326 1981
477 125 2192
460 253 1155
99 51 2378
393 428 2034
163 335 4733
320 194 1306
510 478 4086
315 509 190
92 402 4141
468 246 1763
361 49 415
288 506 4895
481 292 4397
8 110 3531
137 270 2997
412 374 371
410 52 4672
199 371 4533
295 75 3165
461 286 974
131 99 3227
382 347 4570
374 147 1631
411 41 372
39 140 2729
485 467 1221
143 335 2610
166 402 2452
344 501 4612
306 486 137
377 339 898
426 315 219
485 271 4739
233 52 4781
491 174 4295
389 151 1985
32 112 1563
19 451 2570
428 155 3383
208 420 4111
482 63 1132
212 332 3919
385 321 1419
470 350 4476
362 270 4998
495 196 2020
285 305 1843
304 295 1699
500 324 3931
357 280 2358
124 388 3233
353 149 2380
43 294 648
354 452 2101
490 219 1656
277 278 1125
111 245 1987
51 231 1908
53 102 3386
338 483 824
140 5 4509
161 416 3897
488 204 2354
328 292 485
91 237 4384
38 179 3424
180 37 3253
507 190 2372
38 9 2445
109 343 2332
465 505 1100
479 279 1580
115 338 1332
469 263 1526
14 345 2417
197 179 3322
437 335 711
410 97 1514
143 488 2651
254 6 2137
392 241 3660
273 337 2474
11 267 2946
241 63 969
476 314 1309
415 318 962
302 376 1810
224 136 3918
156 465 4963
382 425 4500
482 223 2028
83 457 4327
370 79 4622
114 63 4487
207 153 1348
335 452 953
210 500 745
456 56 3715
135 425 3743
59 473 2525
22 405 2085
3 223 4738
74 46 3471
352 65 4434
61 70 3868
32 293 3350
184 138 3444
383 391 3675
386 384 658
136 356 972
182 402 4333
130 228 29
23 305 3793
434 388 1882
253 471 2836
158 282 1545
115 32 3435
16 246 1689
68 103 4866
34 457 4898
49 250 363
411 449 1920
222 57 1148
296 239 4720
326 328 1941
309 146 4271
226 423 2462
281 62 4561
179 437 4554
507 48 2822
390 326 3411
418 152 2457
385 188 4407
484 246 1847
307 147 3794
59 422 3413
137 397 1990
261 208 2706
80 460 3040
94 195 423
274 386 4956
40 74 1542
222 490 1712
340 310 126
216 194 962
490 248 4952
209 406 1961
329 289 3119
477 367 2527
267 368 4201
509 477 808
480 327 1665
379 320 3391
46 226 1196
16 267 4533
427 302 1249
200 337 1885
388 251 4091
345 263 4003
502 471 1379
360 173 1147
500 188 4442
60 34 609
49 6 3379
140 236 557
154 9 1792
466 382 496
494 499 129
6 421 98
17 281 4389
293 17 4115
440 183 877
98 152 1975
196 258 2904
273 406 648
382 415 3761
249 231 2458
82 32 766
415 388 3090
487 57 78
175 84 4095
444 339 4636
97 43 1883
216 486 2221
47 76 2297
33 183 2577
16 212 4809
147 407 631
306 166 4620
246 398 4429
339 393 1147
80 354 440
100 447 1902
77 348 4958
406 334 243
279 461 4020
233 364 4531
384 442 1522
389 87 2420
252 75 673
274 157 3113
157 398 2595
369 109 750
5 315 3644
368 276 838
135 89 1536
441 459 4563
417 105 216
91 362 4541
95 332 3156
12 298 3390
397 86 4584
248 173 3119
173 142 2203
308 274 4040
149 64 1370
445 282 3450
306 495 631
369 257 2021
507 200 3751
109 138 2496
6 405 2722
389 337 3607
342 440 4870
139 307 2627
205 490 2574
181 407 2615
298 502 4718
248 333 3081
287 402 2991
116 204 4852
184 27 3782
214 448 2387
70 418 4091
142 310 1983
258 157 3467
386 75 3679
490 410 4378
428 37 2946
87 111 2034
363 170 363
409 339 3527
108 10 808
264 227 4184
226 456 3065
400 474 4822
154 353 202
494 107 2421
425 87 951
145 356 2556
351 466 1695
494 356 3901
99 448 3707
326 68 2460
45 117 186
351 111 1347
249 178 4522
163 338 4587
436 473 1900
414 188 1527
442 405 240
202 460 4852
439 398 37
219 210 2281
64 104 4399
191 374 2671
201 468 934
268 501 4324
320 397 3216
116 356 2884
468 176 2437
86 137 2566
120 244 2502
119 187 3059
144 397 3427
141 392 3466
190 498 4403
177 170 4012
295 143 1533
322 461 440
367 9 3970
139 199 3146
506 418 4029
425 454 4004
171 84 4632
31 225 2393
33 281 1842
295 172 3747
507 115 4692
116 274 4450
375 42 3616
223 435 839
253 304 265
460 269 2856
89 449 962
242 214 4817
359 438 1360
142 211 1696
60 359 4361
287 172 2652
299 296 4692
273 97 1111
421 60 2272
129 135 2046
149 329 2028
402 501 1165
275 424 3074
462 77 763
412 284 3024
465 499 2682
2 95 3756
366 64 4379
407 223 3520
216 506 2200
330 290 2767
133 496 2816
49 47 816
470 16 1018
161 451 3740
0 438 1658
135 309 1303
280 95 2953
256 84 3047
169 53 3247
312 239 3517
93 97 9
218 488 639
135 231 4256
455 9 67
351 123 3460
135 489 581
234 392 732
104 105 2567
376 306 1124
391 136 1171
70 8 5000
168 450 2877
218 155 3373
453 222 711
102 143 1009
393 359 3518
322 143 2030
283 86 2033
291 27 2472
210 193 3210
302 55 1961
506 395 924
246 511 4866
72 12 2959
324 135 3169
430 374 4476
176 482 598
17 69 113
268 220 327
61 407 4151
293 425 3470
411 84 4396
156 284 685
317 80 4189
208 159 4395
334 400 4805
67 317 3584
244 59 2003
88 444 951
464 56 2534
179 122 104
140 11 1343
508 355 4285
265 170 3047
129 275 968
30 343 3518
278 65 2155
78 508 3729
368 56 4093
170 376 1289
261 105 4702
118 233 4169
2 45 101
250 47 3865
372 392 1230
183 36 4530
429 229 2637
254 426 2621
277 79 4683
381 122 4113
53 183 1829
47 410 565
476 289 2546
335 88 4531
467 8 3023
205 298 4619
311 248 3801
377 505 1601
251 154 53
419 24 1909
354 9 2745
1 385 2520
106 210 4341
243 429 4031
61 145 2293
95 44 1897
422 381 3756
86 97 4141
136 403 614
63 445 1071
242 298 2139
322 402 2673
325 463 2228
239 76 1661
139 111 1274
108 168 3683
477 321 3331
123 366 1701
462 315 3796
271 122 741
161 311 4943
41 220 2686
151 93 2034
364 405 4207
50 306 2132
178 31 3313
463 255 776
473 104 1146
124 12 506
227 133 1624
410 381 689
265 76 179
66 202 3633
131 94 2717
125 43 3777
51 172 4702
443 404 4065
30 391 3496
176 362 1759
191 281 2293
456 152 284
251 302 4087
421 490 500
89 286 3138
140 429 1634
255 19 3134
367 491 4461
496 352 4634
329 397 2216
184 26 2613
224 30 2302
59 483 4338
366 238 1308
102 253 1976
272 57 1798
397 363 1424
180 242 4854
325 367 4847
28 360 4651
145 192 4033
316 179 4018
38 92 461
238 224 164
489 0 2718
206 133 2792
181 331 488
22 151 4806
145 113 4312
373 74 3061
405 103 2758
309 330 1118
161 447 3992
324 178 4604
365 228 4825
179 387 2514
301 130 1456
1 400 4649
33 186 4935
325 226 4633
106 508 1153
339 79 1950
355 327 1376
90 343 3659
11 271 1718
255 69 2872
262 110 11
49 395 3590
429 170 3392
504 387 2878
384 103 3928
230 166 3697
75 34 2416
20 326 2140
107 75 2801
174 384 1319
76 95 2769
494 31 3534
168 444 1287
54 103 2713
210 194 3353
271 288 2437
243 98 407
402 502 1259
55 369 32
437 89 2413
491 204 795
26 211 1400
298 83 3880
118 315 3257
482 500 2171
93 396 1515
379 390 3027
191 456 366
269 450 3810
269 231 2201
63 154 793
87 352 4436
423 232 4536
62 396 4281
428 486 4692
241 487 2449
80 404 285
150 123 3679
177 171 1736
197 129 350
433 80 3567
206 151 4875
264 327 549
89 397 4558
406 333 2263
469 12 4814
429 115 3396
153 151 4642
102 108 4610
103 292 4388
352 420 2164
392 497 4687
484 38 1411
282 412 1179
411 39 3243
339 243 404
486 275 3052
20 345 2483
