0 25
0 30
0 60
0 159
0 371
0 388
0 397
0 416
0 422
0 467
0 485
1 6
1 78
1 81
1 104
1 196
1 218
1 222
1 233
1 311
1 326
1 327
1 441
2 81
2 159
2 160
2 179
2 183
2 184
2 202
2 231
2 284
2 293
2 311
2 360
2 411
2 460
2 466
2 482
2 496
2 498
3 73
3 91
3 125
3 153
3 185
3 192
3 256
3 272
3 295
3 303
3 320
3 340
3 391
3 477
4 6
4 52
4 58
4 111
4 113
4 114
4 119
4 125
4 163
4 182
4 242
4 248
4 255
4 275
4 351
4 356
4 394
4 423
4 425
4 450
4 465
4 490
4 496
5 37
5 61
5 71
5 87
5 103
5 135
5 287
5 297
5 321
5 324
5 329
5 339
5 344
5 346
5 386
5 492
6 8
6 59
6 146
6 147
6 241
6 291
6 304
6 308
6 341
6 343
6 349
6 360
6 390
6 423
6 441
7 73
7 77
7 97
7 175
7 232
7 252
7 373
7 379
7 456
7 473
7 490
8 35
8 58
8 63
8 73
8 133
8 199
8 215
8 245
8 300
8 315
8 324
8 347
8 356
8 432
8 467
9 106
9 137
9 140
9 177
9 183
9 282
9 311
9 315
9 317
9 321
9 396
9 434
9 441
9 487
10 24
10 64
10 75
10 82
10 163
10 172
10 255
10 269
10 275
10 390
10 422
10 442
11 14
11 33
11 42
11 59
11 64
11 95
11 114
11 169
11 174
11 290
11 301
11 395
11 496
12 117
12 167
12 195
12 238
12 247
12 300
12 303
12 322
12 353
12 380
12 394
12 409
12 426
12 499
13 37
13 45
13 78
13 95
13 145
13 163
13 223
13 232
13 308
13 390
13 394
13 396
13 405
13 434
13 487
13 490
13 497
14 41
14 46
14 88
14 114
14 122
14 132
14 145
14 148
14 174
14 208
14 243
14 245
14 246
14 360
14 381
14 390
15 16
15 33
15 50
15 82
15 120
15 123
15 167
15 171
15 391
15 407
15 416
15 436
15 456
15 458
15 483
16 47
16 65
16 82
16 90
16 91
16 93
16 123
16 139
16 151
16 209
16 230
16 242
16 257
16 277
16 307
16 382
16 406
16 413
17 19
17 60
17 140
17 145
17 150
17 306
17 339
17 414
17 429
17 430
17 471
18 47
18 74
18 96
18 106
18 173
18 177
18 275
18 294
18 330
18 376
18 458
18 478
18 485
19 46
19 88
19 94
19 121
19 140
19 148
19 202
19 235
19 273
19 279
19 370
19 449
20 65
20 110
20 111
20 126
20 226
20 240
20 262
20 266
20 280
20 375
20 377
20 436
20 456
20 472
20 491
20 495
21 49
21 117
21 162
21 163
21 207
21 253
21 283
21 296
21 297
21 311
21 342
21 381
21 416
21 421
21 449
21 464
21 493
22 27
22 30
22 33
22 52
22 53
22 121
22 122
22 151
22 236
22 288
22 307
22 335
22 357
22 439
22 452
22 473
23 24
23 42
23 50
23 52
23 124
23 140
23 170
23 251
23 288
23 303
23 390
23 459
23 473
23 484
23 488
23 496
24 75
24 93
24 142
24 148
24 197
24 201
24 203
24 283
24 288
24 387
24 395
24 410
24 422
24 428
24 474
24 479
25 55
25 86
25 94
25 97
25 119
25 344
25 410
25 463
25 474
26 103
26 150
26 170
26 202
26 307
26 310
26 324
26 328
26 338
26 396
26 437
26 472
27 32
27 44
27 51
27 91
27 108
27 117
27 124
27 139
27 177
27 184
27 216
27 225
27 250
27 322
27 353
27 359
27 386
27 418
27 435
27 443
27 445
27 458
27 462
27 470
27 490
28 49
28 119
28 136
28 154
28 172
28 251
28 263
28 286
28 311
28 323
28 380
28 427
28 440
28 471
29 39
29 55
29 64
29 121
29 125
29 296
29 320
29 323
29 379
29 480
29 484
30 70
30 108
30 142
30 143
30 145
30 268
30 291
30 314
30 414
30 430
30 451
30 482
30 485
31 46
31 62
31 77
31 136
31 184
31 201
31 217
31 302
31 353
31 406
31 425
31 470
31 479
31 487
32 61
32 85
32 133
32 134
32 135
32 137
32 172
32 225
32 265
32 273
32 320
32 324
32 461
32 479
33 85
33 96
33 107
33 108
33 149
33 158
33 162
33 197
33 247
33 272
33 336
33 444
33 445
33 477
33 496
34 44
34 50
34 128
34 143
34 157
34 171
34 195
34 198
34 251
34 285
34 287
34 290
34 357
34 402
34 453
34 469
35 43
35 85
35 93
35 140
35 153
35 174
35 199
35 251
35 271
35 419
35 458
35 470
36 40
36 91
36 117
36 136
36 159
36 170
36 184
36 197
36 209
36 241
36 270
36 278
36 280
36 328
36 331
36 427
36 486
37 48
37 141
37 183
37 191
37 226
37 257
37 378
37 397
37 412
38 84
38 135
38 174
38 187
38 280
38 303
38 324
38 327
38 350
38 430
38 456
38 482
38 483
38 490
39 67
39 87
39 121
39 126
39 153
39 184
39 185
39 253
39 254
39 263
39 264
39 275
39 292
39 350
39 370
39 372
39 373
39 403
39 468
39 490
40 107
40 180
40 191
40 202
40 216
40 218
40 235
40 239
40 256
40 267
40 284
40 307
40 311
40 346
40 381
40 382
40 399
40 453
40 486
40 489
41 47
41 178
41 200
41 209
41 242
41 249
41 317
41 401
41 430
42 56
42 64
42 72
42 137
42 150
42 167
42 180
42 190
42 255
42 280
42 285
42 289
42 327
42 349
42 372
43 55
43 63
43 103
43 151
43 181
43 270
43 297
43 335
43 342
43 371
43 380
43 395
43 453
44 57
44 73
44 141
44 143
44 144
44 150
44 154
44 170
44 210
44 224
44 247
44 283
44 287
44 298
44 365
44 373
44 412
44 438
44 442
44 473
44 485
44 499
45 55
45 57
45 66
45 95
45 97
45 113
45 125
45 127
45 162
45 174
45 185
45 202
45 226
45 321
45 332
45 386
45 398
45 438
45 490
46 77
46 88
46 113
46 121
46 147
46 187
46 203
46 281
46 328
46 351
46 360
46 364
46 399
46 405
46 407
46 421
46 479
47 84
47 167
47 173
47 178
47 190
47 267
47 292
47 305
47 335
47 367
47 374
47 458
47 463
48 69
48 94
48 201
48 221
48 236
48 258
48 266
48 303
48 307
48 320
48 435
48 458
49 51
49 67
49 70
49 90
49 104
49 105
49 112
49 230
49 241
49 342
49 400
49 412
49 420
50 60
50 75
50 101
50 121
50 130
50 132
50 163
50 177
50 193
50 217
50 223
50 231
50 353
50 413
50 497
51 60
51 64
51 112
51 126
51 141
51 145
51 155
51 166
51 173
51 193
51 220
51 251
51 369
51 375
51 402
51 406
51 416
51 463
52 199
52 206
52 207
52 261
52 298
52 346
52 347
52 358
52 360
52 364
52 376
52 379
52 411
52 421
52 457
52 489
53 105
53 134
53 138
53 148
53 151
53 165
53 174
53 213
53 242
53 254
53 261
53 361
53 400
54 58
54 64
54 69
54 89
54 92
54 130
54 148
54 196
54 202
54 222
54 237
54 254
54 286
54 311
54 339
54 392
54 428
54 473
55 84
55 224
55 310
55 387
55 405
55 417
55 469
56 61
56 66
56 79
56 97
56 114
56 156
56 196
56 230
56 235
56 291
56 326
56 356
56 374
56 423
56 433
56 440
56 445
56 490
57 67
57 92
57 120
57 138
57 162
57 173
57 191
57 261
57 293
57 295
57 297
57 309
57 378
57 389
57 417
57 433
58 76
58 92
58 100
58 134
58 137
58 178
58 246
58 303
58 335
58 351
58 361
58 401
58 474
58 477
59 93
59 132
59 148
59 224
59 293
59 389
59 419
59 425
59 458
59 495
60 73
60 87
60 92
60 108
60 114
60 139
60 144
60 147
60 148
60 172
60 184
60 190
60 263
60 266
60 308
60 323
60 377
60 445
60 459
60 460
60 466
60 492
60 499
61 73
61 118
61 152
61 202
61 227
61 267
61 287
61 337
61 357
61 391
61 440
61 471
61 499
62 98
62 119
62 128
62 201
62 250
62 267
62 280
62 336
62 348
62 355
62 362
62 431
62 434
62 444
62 498
63 140
63 157
63 187
63 229
63 231
63 236
63 273
63 301
63 329
63 340
63 348
63 358
63 467
63 471
64 67
64 69
64 73
64 105
64 107
64 137
64 155
64 163
64 206
64 220
64 258
64 266
64 324
64 326
64 366
64 380
64 383
64 425
64 473
65 98
65 116
65 132
65 156
65 159
65 255
65 260
65 293
65 343
65 379
65 400
65 428
65 436
65 480
66 82
66 88
66 91
66 101
66 138
66 220
66 289
66 322
66 359
66 406
66 445
66 461
67 94
67 105
67 127
67 173
67 183
67 205
67 242
67 244
67 263
67 315
67 363
67 430
67 452
67 459
67 472
67 491
67 495
68 101
68 128
68 130
68 138
68 142
68 153
68 159
68 175
68 202
68 209
68 237
68 308
68 322
68 326
68 328
68 347
68 384
68 471
68 493
69 99
69 148
69 153
69 167
69 176
69 201
69 220
69 234
69 245
69 246
69 366
69 382
69 399
69 472
69 496
70 83
70 102
70 112
70 135
70 142
70 194
70 195
70 211
70 214
70 265
70 297
70 298
70 300
70 310
70 328
70 372
70 408
70 410
70 430
70 437
71 95
71 96
71 104
71 137
71 142
71 150
71 181
71 245
71 295
71 314
71 324
71 347
71 349
71 368
71 383
71 385
71 401
71 404
71 418
71 420
71 427
71 454
71 456
71 457
72 144
72 148
72 153
72 169
72 178
72 182
72 191
72 211
72 237
72 250
72 261
72 295
72 352
72 373
72 393
72 396
72 401
72 480
72 482
72 492
73 137
73 152
73 161
73 193
73 274
73 276
73 287
73 316
73 327
73 393
74 75
74 110
74 163
74 185
74 218
74 225
74 241
74 271
74 364
74 372
74 399
74 409
74 429
74 433
74 444
74 485
75 123
75 163
75 187
75 192
75 199
75 236
75 290
75 294
75 300
75 307
75 366
75 393
75 409
75 446
75 461
76 80
76 83
76 91
76 95
76 143
76 167
76 187
76 195
76 242
76 264
76 267
76 310
76 334
76 379
76 443
76 457
76 466
76 486
77 174
77 176
77 180
77 192
77 203
77 248
77 337
77 382
77 398
77 458
78 82
78 105
78 157
78 161
78 194
78 210
78 218
78 283
78 290
78 309
78 331
78 359
78 366
78 373
78 378
78 434
78 475
78 487
79 155
79 176
79 218
79 230
79 321
79 336
79 393
79 436
79 469
79 476
79 485
79 488
80 127
80 140
80 162
80 185
80 225
80 255
80 273
80 413
80 483
80 495
81 89
81 183
81 223
81 485
82 87
82 92
82 94
82 146
82 175
82 199
82 344
82 374
82 378
82 399
82 475
82 494
83 198
83 204
83 254
83 273
83 288
83 361
83 428
83 437
83 491
84 101
84 129
84 222
84 224
84 225
84 230
84 252
84 315
84 351
84 387
84 406
84 476
85 132
85 190
85 203
85 237
85 241
85 278
85 306
85 314
85 316
85 322
85 327
85 370
85 405
85 406
85 452
85 462
85 497
86 257
86 295
86 350
86 356
86 399
86 417
86 474
86 478
87 112
87 144
87 162
87 168
87 261
87 282
87 295
87 307
87 335
87 385
87 389
87 404
87 427
87 461
87 473
87 481
87 491
88 171
88 243
88 249
88 257
88 288
88 323
88 339
88 376
88 390
88 416
89 135
89 173
89 251
89 269
89 312
89 327
89 330
89 331
89 335
89 372
89 447
89 465
90 96
90 121
90 131
90 150
90 160
90 191
90 215
90 234
90 260
90 283
90 310
90 354
90 373
90 429
90 431
90 470
90 474
90 491
90 498
91 110
91 114
91 122
91 133
91 189
91 195
91 219
91 225
91 226
91 227
91 232
91 243
91 285
91 289
91 330
91 360
91 393
91 438
91 460
92 132
92 150
92 196
92 209
92 281
92 294
92 331
92 343
92 349
92 374
92 398
92 448
92 449
92 451
92 492
93 130
93 192
93 201
93 224
93 226
93 274
93 319
93 392
93 484
94 129
94 162
94 189
94 225
94 255
94 266
94 421
94 422
94 437
94 452
94 458
94 469
95 124
95 136
95 170
95 183
95 205
95 220
95 278
95 280
95 327
95 360
95 426
95 492
96 210
96 214
96 215
96 219
96 226
96 249
96 341
96 382
96 384
96 428
96 436
96 437
96 438
96 448
97 98
97 153
97 174
97 175
97 255
97 290
97 319
97 379
97 426
97 484
97 497
98 115
98 132
98 146
98 164
98 227
98 240
98 315
98 348
98 365
98 448
98 458
98 475
98 489
99 138
99 150
99 169
99 175
99 203
99 232
99 251
99 266
99 337
99 390
99 392
99 471
100 129
100 168
100 234
100 273
100 345
100 375
100 376
100 397
100 420
101 134
101 173
101 184
101 235
101 249
101 256
101 311
101 325
101 351
101 382
101 451
101 460
101 462
102 136
102 154
102 170
102 212
102 245
102 290
102 304
102 350
102 374
102 398
102 404
102 488
103 150
103 171
103 183
103 224
103 231
103 254
103 267
103 317
103 352
103 387
103 402
103 421
103 451
103 475
104 166
104 189
104 211
104 264
104 279
104 297
104 328
104 385
104 433
104 444
104 466
104 498
105 119
105 158
105 172
105 204
105 265
105 266
105 277
105 287
105 334
105 335
105 348
105 355
105 412
105 416
105 418
105 454
105 466
105 488
106 155
106 200
106 231
106 259
106 292
106 335
106 352
106 363
106 416
106 478
106 494
107 111
107 127
107 156
107 177
107 178
107 220
107 224
107 246
107 273
107 295
107 299
107 313
107 319
107 351
107 356
107 372
107 378
107 423
107 434
107 440
107 487
108 114
108 146
108 205
108 267
108 269
108 298
108 299
108 339
108 365
108 375
108 413
108 441
108 461
108 467
109 147
109 238
109 244
109 260
109 263
109 321
109 338
109 339
109 391
109 496
110 178
110 229
110 239
110 253
110 268
110 302
110 336
110 372
110 387
110 413
110 416
110 443
110 490
111 175
111 209
111 210
111 217
111 314
111 381
111 418
111 457
111 472
111 486
111 498
112 134
112 200
112 227
112 237
112 255
112 294
112 300
112 337
112 346
112 368
112 374
112 389
112 453
112 458
112 469
112 471
112 489
112 490
113 119
113 189
113 228
113 261
113 311
113 315
113 327
113 351
113 364
113 400
113 452
113 456
114 132
114 198
114 249
114 264
114 331
114 354
114 380
114 432
114 458
114 489
115 153
115 240
115 283
115 319
115 332
115 428
115 451
115 466
116 157
116 160
116 208
116 211
116 213
116 216
116 218
116 268
116 370
116 379
116 382
116 412
116 466
117 126
117 156
117 193
117 194
117 229
117 238
117 291
117 416
117 480
118 152
118 156
118 233
118 259
118 305
118 321
118 341
118 395
118 427
118 429
118 448
118 452
118 485
119 131
119 135
119 277
119 287
119 362
119 460
119 465
119 498
120 152
120 179
120 185
120 252
120 259
120 284
120 316
120 357
120 376
120 412
121 149
121 177
121 190
121 252
121 259
121 338
121 439
121 483
122 156
122 164
122 246
122 250
122 253
122 331
122 334
122 385
122 434
122 480
122 481
122 483
123 136
123 203
123 255
123 284
123 288
123 290
123 293
123 436
123 446
124 166
124 168
124 237
124 244
124 356
124 409
124 473
125 196
125 217
125 255
125 265
125 295
125 371
125 378
125 408
125 424
125 451
125 471
126 141
126 167
126 218
126 241
126 269
126 316
126 336
126 369
126 389
126 402
126 493
127 140
127 143
127 153
127 155
127 188
127 189
127 191
127 197
127 246
127 267
127 283
127 291
127 322
127 347
127 394
127 415
127 416
127 421
127 425
127 495
128 165
128 192
128 287
128 397
128 480
128 483
128 491
129 133
129 246
129 258
129 282
129 300
129 311
129 337
129 348
129 354
129 417
130 154
130 243
130 394
130 395
130 404
130 474
131 194
131 329
131 339
131 340
131 351
131 435
131 445
132 155
132 163
132 174
132 192
132 208
132 280
132 321
132 371
132 452
132 469
132 470
132 489
133 184
133 195
133 299
133 309
133 335
133 385
133 400
133 407
133 419
133 435
133 487
134 153
134 178
134 225
134 266
134 277
134 314
134 334
134 368
134 375
134 414
134 425
134 458
134 466
135 240
135 264
135 299
135 369
135 392
135 433
135 436
135 451
136 163
136 190
136 270
136 309
136 310
136 321
136 410
137 186
137 210
137 211
137 241
137 253
137 282
137 288
137 297
137 304
137 324
137 333
137 373
137 375
137 450
138 142
138 267
138 318
138 350
138 357
138 411
138 422
138 424
138 454
138 486
139 145
139 189
139 268
139 387
139 417
139 427
139 441
139 498
140 143
140 188
140 225
140 246
140 249
140 274
140 355
140 356
140 427
140 444
141 206
141 232
141 252
141 266
141 272
141 299
141 348
141 393
141 443
141 459
141 470
142 216
142 232
142 291
142 337
142 385
142 391
142 430
142 450
142 474
142 485
143 252
143 305
143 409
143 431
143 449
143 460
143 482
143 483
144 152
144 190
144 353
144 356
144 422
144 443
144 462
144 482
145 164
145 172
145 176
145 213
145 293
145 306
145 308
145 312
145 331
145 341
145 359
145 371
145 398
145 402
146 165
146 174
146 205
146 237
146 240
146 248
146 258
146 283
146 295
146 364
146 444
146 449
147 218
147 285
147 361
147 371
147 375
147 382
147 384
147 439
147 446
147 480
147 490
148 184
148 233
148 239
148 289
148 334
148 343
148 427
148 472
148 476
148 496
149 188
149 199
149 211
149 225
149 271
149 280
149 288
149 337
149 342
149 360
149 363
149 376
149 444
150 166
150 174
150 213
150 231
150 237
150 239
150 277
150 318
150 337
150 338
150 370
150 466
151 214
151 362
151 364
151 419
151 428
152 169
152 199
152 211
152 290
152 292
152 293
152 356
152 443
152 447
152 485
153 186
153 207
153 247
153 259
153 291
153 423
153 430
153 432
154 178
154 202
154 215
154 243
154 256
154 258
154 310
154 319
154 321
154 341
154 381
154 392
154 394
154 459
155 159
155 205
155 226
155 234
155 249
155 252
155 290
155 318
155 369
155 371
155 372
155 396
155 452
155 455
156 170
156 191
156 208
156 217
156 249
156 268
156 301
156 355
156 363
156 364
156 436
156 475
157 169
157 187
157 215
157 227
157 237
157 257
157 295
157 375
157 401
157 420
157 429
157 487
157 489
158 280
158 341
158 352
158 373
158 462
159 167
159 170
159 175
159 204
159 266
159 313
159 327
159 362
159 363
159 368
159 479
160 168
160 179
160 181
160 188
160 191
160 201
160 211
160 218
160 223
160 261
160 267
160 280
160 294
160 300
160 305
160 308
160 334
160 364
160 433
160 488
161 209
161 252
161 283
161 348
161 352
161 363
161 377
161 383
161 384
161 402
161 418
161 423
161 431
161 436
161 456
161 474
161 490
162 171
162 184
162 193
162 195
162 231
162 237
162 248
162 264
162 269
162 285
162 306
162 308
162 329
162 334
162 385
162 435
162 452
163 231
163 253
163 290
163 318
163 395
163 440
163 450
163 458
164 176
164 180
164 195
164 198
164 224
164 308
164 364
164 387
164 395
164 424
164 428
164 460
165 188
165 209
165 293
165 305
165 311
165 340
165 350
165 360
165 363
165 385
165 389
165 408
165 424
165 446
166 214
166 284
166 300
166 323
166 347
166 384
166 438
166 442
166 443
167 248
167 253
167 264
167 302
167 440
168 225
168 229
168 269
168 291
168 327
168 352
168 466
168 496
169 175
169 182
169 184
169 190
169 196
169 200
169 208
169 238
169 286
169 289
169 290
169 331
169 353
169 368
169 409
169 413
169 436
169 442
169 461
169 469
169 494
169 496
170 174
170 271
170 304
170 323
170 349
170 430
171 199
171 220
171 228
171 231
171 315
171 335
171 454
172 215
172 216
172 218
172 222
172 292
172 309
172 330
172 336
172 346
172 420
172 472
173 192
173 215
173 265
173 276
173 410
173 449
173 471
173 479
174 181
174 367
174 387
174 494
174 498
175 177
175 187
175 209
175 219
175 273
175 278
175 309
175 325
175 335
175 381
175 418
175 427
175 472
175 493
175 496
176 224
176 249
176 396
176 412
176 413
176 416
176 449
176 467
177 201
177 204
177 215
177 229
177 325
177 326
177 339
177 358
177 458
178 235
178 238
178 387
178 448
178 450
178 454
178 482
179 220
179 245
179 272
179 279
179 281
179 286
179 315
179 364
179 369
179 440
179 444
179 449
179 493
179 495
180 191
180 215
180 264
180 287
180 335
180 342
180 392
180 421
180 424
180 432
180 497
181 215
181 218
181 283
181 310
181 320
181 408
181 411
181 467
182 202
182 210
182 278
182 283
182 316
182 330
182 346
182 363
182 440
182 459
182 498
183 198
183 239
183 249
183 345
183 370
183 384
183 396
183 416
183 457
183 461
183 487
184 198
184 203
184 214
184 232
184 286
184 340
184 353
184 359
184 360
184 389
184 430
184 434
184 442
184 447
184 476
184 478
184 492
185 285
185 297
185 313
185 334
185 371
185 380
185 382
186 197
186 234
186 236
186 257
186 413
186 422
186 437
186 439
186 491
186 494
186 499
187 229
187 232
187 238
187 313
187 455
188 265
188 302
188 386
188 406
188 409
188 420
189 197
189 283
189 292
189 320
189 346
189 349
189 414
189 416
189 447
189 461
189 479
190 229
190 234
190 250
190 288
190 317
190 338
190 351
190 371
190 394
191 196
191 200
191 240
191 255
191 262
191 263
191 269
191 302
191 355
191 480
191 486
191 490
191 496
192 226
192 231
192 287
192 298
192 308
192 334
192 336
192 392
192 397
192 398
192 436
192 446
192 448
192 456
193 206
193 281
193 282
193 290
193 356
193 392
193 425
193 466
193 486
193 487
194 208
194 217
194 260
194 297
194 323
194 349
194 368
194 375
195 196
195 198
195 218
195 239
195 266
195 271
195 300
195 314
195 334
195 349
195 400
196 214
196 219
196 230
196 253
196 257
196 335
196 338
196 362
196 372
196 466
196 471
196 476
197 216
197 353
197 477
198 214
198 230
198 284
198 312
198 336
198 392
198 398
198 440
199 205
199 346
199 360
199 421
200 201
200 236
200 300
200 306
200 313
200 371
200 407
200 431
201 245
201 250
201 284
201 292
202 205
202 207
202 224
202 333
202 370
202 411
202 420
202 426
202 446
203 241
203 268
203 282
203 299
203 351
203 357
203 361
203 386
203 393
203 452
203 475
203 482
203 493
204 243
204 256
204 291
204 344
204 378
204 438
204 495
205 258
205 273
205 301
205 302
205 314
205 316
205 326
205 334
205 356
205 371
205 395
205 402
205 411
205 453
206 219
206 263
206 390
206 433
206 462
207 248
207 306
207 393
207 397
207 416
207 476
208 259
208 345
208 404
208 486
209 225
209 226
209 230
209 262
209 327
209 356
209 438
210 296
210 385
210 390
210 438
211 252
211 259
211 268
211 284
211 308
211 326
211 391
211 463
211 474
211 489
212 216
212 262
212 278
212 363
212 370
212 382
212 415
212 420
212 434
212 471
212 482
213 227
213 235
213 246
213 268
213 283
213 306
213 309
213 335
213 345
213 416
213 421
213 448
213 455
213 468
213 471
213 476
213 489
214 217
214 246
214 251
214 275
214 281
214 352
214 358
214 420
214 423
214 494
214 496
215 250
215 258
215 269
215 380
215 472
216 225
216 244
216 253
216 258
216 289
216 295
216 331
216 348
216 355
216 376
216 404
216 458
216 483
216 492
217 246
217 271
217 282
217 309
217 353
217 373
217 427
218 230
218 354
218 374
218 385
218 448
218 490
218 491
219 307
219 325
219 335
219 376
219 404
219 450
219 456
219 480
220 412
220 450
220 482
221 234
221 299
221 312
221 339
221 359
221 376
221 407
221 413
221 418
221 420
221 432
221 438
221 452
222 245
222 268
222 279
222 296
222 322
222 339
222 395
222 396
222 416
222 449
222 478
223 262
223 324
223 347
223 405
223 431
223 444
223 470
223 490
223 499
224 286
224 369
224 372
224 375
224 384
224 391
224 489
225 279
225 332
225 343
225 371
226 319
226 320
226 332
226 356
226 396
226 424
226 440
226 455
227 234
227 259
227 265
227 266
227 375
227 377
227 378
227 399
227 400
227 410
228 249
228 296
228 329
228 342
228 346
228 369
228 400
228 409
228 447
228 452
229 285
229 306
229 402
229 495
230 234
230 241
230 303
230 317
230 319
230 324
230 327
230 341
230 413
230 436
230 464
230 482
230 490
231 233
231 248
231 272
231 316
231 317
231 424
232 237
232 249
232 252
232 260
232 283
232 290
232 305
232 313
232 324
232 335
232 343
232 355
232 423
232 448
232 451
232 465
232 472
232 486
233 242
233 261
233 307
233 312
233 316
233 323
233 401
233 483
233 489
234 252
234 254
234 289
234 316
234 348
234 359
234 422
234 454
234 469
234 475
234 481
234 499
235 289
235 336
235 366
235 367
235 389
235 425
235 456
235 459
235 491
236 279
236 294
236 330
236 401
236 413
236 433
236 449
237 248
237 338
237 346
237 356
237 360
237 395
237 407
237 442
237 456
237 492
238 240
238 262
238 264
238 290
238 335
238 348
239 244
239 257
239 328
239 381
239 451
239 455
239 499
240 293
240 363
240 380
240 404
240 436
240 469
241 299
241 322
241 337
241 377
241 420
241 462
241 464
241 465
241 488
242 254
242 359
242 361
242 366
242 387
242 408
242 428
242 458
242 490
243 245
243 257
243 274
243 287
243 292
243 293
243 341
243 349
243 352
243 354
243 355
243 366
243 427
243 444
243 461
243 480
243 487
244 248
244 300
244 303
244 378
244 380
244 392
244 428
244 447
245 278
245 298
245 326
245 336
245 342
245 469
245 484
246 276
246 286
246 289
246 337
246 339
246 353
246 371
246 492
247 271
247 309
247 314
247 318
247 330
247 337
247 387
247 400
247 410
247 463
247 471
247 473
247 480
248 250
248 262
248 263
248 292
248 361
248 364
248 443
249 325
249 332
249 336
249 372
249 391
249 396
249 487
249 491
250 254
250 270
250 325
250 352
250 402
250 426
250 441
250 447
250 458
250 494
251 355
251 376
251 391
251 404
251 410
251 439
251 464
251 475
251 484
251 495
252 255
252 265
252 313
252 314
252 405
252 476
252 495
253 269
253 302
253 318
253 323
253 350
253 361
253 377
253 390
253 445
254 257
254 259
254 263
254 266
254 275
254 304
254 381
254 392
254 407
254 449
254 452
254 466
255 265
255 273
255 325
255 332
255 347
255 375
255 393
255 433
255 439
255 442
255 474
255 478
256 261
256 269
256 371
256 373
256 392
256 438
256 477
257 277
257 292
257 297
257 300
257 344
257 348
257 352
257 357
257 362
257 366
257 385
257 413
257 416
257 433
257 464
257 478
257 485
258 291
258 312
258 325
258 334
258 350
258 392
258 434
258 451
259 323
259 397
259 472
260 287
260 363
260 385
260 386
260 399
260 432
261 264
261 282
261 313
261 327
261 339
261 401
261 471
262 279
262 344
262 365
262 432
262 441
262 463
262 491
262 497
263 329
263 362
263 405
263 460
264 300
264 346
264 365
264 373
264 388
264 391
264 406
264 462
264 483
264 490
265 300
265 348
265 398
265 419
265 459
265 465
265 477
266 359
266 377
266 392
266 406
266 482
266 487
266 492
266 498
267 328
267 337
267 352
267 379
267 384
267 400
267 417
267 476
267 498
268 296
268 328
268 349
268 362
268 392
268 462
268 465
268 476
269 294
269 319
269 336
269 392
269 409
269 429
269 440
269 457
270 309
270 312
270 350
270 357
270 408
270 414
270 470
271 311
271 369
271 376
272 274
272 282
272 314
272 347
272 414
272 445
272 485
273 288
273 294
273 296
273 324
273 326
273 368
273 369
273 417
273 432
273 436
273 443
273 460
273 470
274 275
274 304
274 351
274 405
274 430
274 450
275 280
275 336
275 355
275 365
275 409
275 419
275 424
275 434
275 487
276 279
276 289
276 303
276 367
276 370
276 435
276 499
277 294
277 350
277 376
277 397
277 421
277 477
278 319
278 354
278 413
278 457
278 471
279 316
279 349
279 357
280 295
280 375
280 418
280 440
280 447
281 314
281 329
281 335
281 430
281 474
281 495
282 394
282 401
282 429
282 497
283 323
283 369
283 411
283 447
283 476
283 478
283 493
284 292
284 383
284 436
284 485
285 297
285 312
285 337
285 380
285 419
285 427
285 456
285 477
286 309
286 314
286 360
286 378
286 392
286 439
286 452
286 499
287 315
287 320
287 330
287 331
287 355
287 399
287 421
287 442
287 474
287 494
288 307
288 336
288 399
288 456
288 485
289 290
289 365
289 371
289 372
289 373
289 446
289 469
290 313
290 348
290 393
290 403
290 407
290 416
291 315
291 338
291 347
291 424
291 426
291 450
291 457
292 310
292 322
292 328
292 372
292 373
292 376
292 399
292 417
292 482
293 341
293 345
293 368
293 403
293 457
294 322
294 351
294 400
294 420
294 450
295 321
295 333
295 350
295 377
295 387
295 388
295 397
295 401
295 419
295 447
296 305
297 303
297 366
297 462
297 486
298 300
298 332
298 350
298 362
298 404
298 453
299 316
299 340
299 433
300 306
300 334
300 345
300 441
300 461
300 495
300 498
301 337
301 352
301 375
301 394
301 411
301 469
301 489
302 305
302 311
302 322
302 371
302 378
302 389
302 459
303 322
303 340
303 356
303 404
303 454
304 311
304 314
304 315
304 328
304 335
304 336
304 445
304 446
304 451
304 478
305 382
305 383
305 394
305 456
306 326
306 363
306 381
306 385
306 401
306 462
306 484
307 310
307 317
307 354
307 410
308 335
308 358
308 367
308 371
308 373
308 398
308 436
308 467
308 475
308 486
309 342
309 347
309 384
309 393
309 413
309 423
309 478
309 493
310 323
310 337
310 358
310 367
310 385
310 403
310 455
310 493
311 333
311 348
311 434
311 440
311 468
312 320
312 332
312 400
313 315
313 405
313 406
313 413
313 424
313 446
313 456
313 463
313 470
313 478
313 480
313 486
314 317
314 350
314 402
314 436
314 470
314 488
315 337
315 346
315 351
315 388
315 431
315 444
315 462
315 467
316 326
316 335
316 362
316 375
316 385
316 416
316 434
317 321
317 329
317 358
317 469
317 480
318 391
318 486
319 352
319 438
319 451
319 474
319 487
320 324
320 351
320 375
320 401
320 407
320 439
320 467
320 485
321 340
321 364
321 369
321 489
322 331
322 340
322 352
322 367
322 372
322 375
322 376
322 409
322 413
322 433
322 480
322 492
323 334
323 361
323 398
323 424
323 489
324 360
324 390
324 403
324 424
324 465
325 340
325 389
325 408
325 415
325 433
325 439
325 453
325 466
325 472
326 468
326 475
326 477
326 487
327 355
327 458
327 465
327 479
327 490
327 491
328 342
328 344
328 368
328 401
328 490
329 364
329 401
329 436
329 452
329 482
330 333
330 338
330 346
330 355
330 360
330 384
330 401
330 402
330 435
330 451
330 472
330 495
330 496
331 416
331 418
331 426
332 333
332 380
332 388
332 453
332 462
332 499
333 386
333 402
333 421
333 480
333 481
334 340
334 381
334 396
334 428
334 434
334 439
334 471
335 368
335 403
335 418
335 477
336 340
336 347
336 371
336 429
336 488
337 381
337 438
337 441
337 446
337 453
337 459
337 495
338 354
338 372
338 384
338 427
338 428
338 448
338 472
338 479
338 486
339 366
339 419
339 436
339 467
340 424
340 462
340 490
341 351
341 363
341 406
341 420
341 469
341 478
342 447
342 457
343 383
343 390
343 414
343 441
343 472
343 490
344 349
344 361
344 389
344 484
344 490
344 493
345 378
345 383
345 400
345 476
346 409
346 454
346 459
347 389
347 417
347 424
347 430
347 445
347 463
347 473
347 493
348 358
348 460
348 471
348 492
349 373
349 387
349 432
349 453
349 484
349 486
349 489
350 364
350 377
350 391
350 416
350 423
350 432
350 462
351 365
351 385
351 434
351 452
351 499
352 370
352 399
352 401
352 411
352 472
352 476
353 359
353 421
353 425
354 374
354 390
354 407
354 414
354 463
354 481
355 357
355 411
355 413
355 415
355 449
355 472
355 479
355 498
356 360
356 368
356 371
356 420
356 494
357 409
357 484
358 376
358 383
358 420
358 425
358 426
358 434
358 438
358 458
358 463
358 469
358 485
358 486
359 379
359 387
359 427
359 436
359 443
359 449
359 485
360 411
360 414
360 469
360 482
361 429
361 439
361 460
361 486
362 398
362 474
362 495
363 380
363 392
363 395
363 396
363 410
363 469
363 479
364 396
364 401
364 408
364 420
364 424
364 458
364 476
364 487
364 499
365 388
365 392
365 409
365 442
365 465
365 486
366 377
366 386
366 399
366 421
366 489
367 375
367 380
367 412
367 451
367 468
368 426
368 443
369 381
369 416
369 453
370 392
370 461
371 424
371 493
372 445
372 448
372 498
373 400
373 453
373 488
374 412
374 413
374 417
374 475
374 485
374 498
375 380
375 393
375 407
375 421
375 431
375 447
375 464
375 478
376 393
376 394
376 416
376 422
376 438
376 477
377 478
377 480
378 450
378 476
379 414
379 427
379 464
379 495
380 395
380 480
380 490
381 446
381 473
381 478
381 482
381 498
381 499
382 385
382 457
382 482
382 485
383 384
383 414
383 420
383 425
384 402
384 413
384 417
384 451
384 489
385 420
385 447
385 472
385 488
386 391
386 419
386 457
386 468
386 498
387 465
388 434
388 436
388 455
388 464
388 493
389 396
389 407
389 428
389 474
389 483
389 487
390 399
390 401
390 420
390 447
390 448
390 467
390 496
391 399
391 413
391 456
391 460
391 468
391 474
391 485
391 496
392 402
392 439
392 445
392 473
393 415
393 464
393 492
394 432
394 449
394 460
394 482
394 499
395 397
395 413
395 456
396 416
396 419
396 432
396 476
397 408
397 415
397 465
398 419
399 413
399 415
399 447
399 495
400 414
400 415
400 421
400 435
400 448
400 457
400 495
401 415
401 417
401 438
401 459
401 479
402 409
402 439
403 440
403 442
403 448
403 454
403 499
404 406
404 410
404 411
404 446
404 466
404 495
405 433
405 469
405 480
405 494
405 496
405 499
406 450
406 467
406 488
407 408
407 443
407 459
408 427
408 434
409 433
409 446
409 465
409 481
409 497
410 414
410 432
410 477
410 483
411 441
411 495
412 438
412 455
412 456
412 471
412 482
413 440
413 447
413 469
413 475
414 440
414 451
415 427
415 464
417 421
417 441
417 462
417 482
418 444
419 427
419 444
419 479
419 488
420 457
420 480
420 481
420 482
421 480
422 457
422 460
423 440
423 449
424 464
425 460
425 466
426 438
426 481
427 434
427 436
427 438
427 454
427 480
429 450
430 434
431 473
432 439
433 449
433 454
433 464
434 443
434 464
437 442
438 442
439 485
439 498
440 445
440 458
440 465
441 478
441 480
443 479
444 496
446 491
446 498
447 477
448 470
448 473
448 497
450 483
451 473
455 475
457 480
459 480
460 467
464 469
464 472
464 481
465 499
466 493
468 494
470 482
471 475
471 487
472 473
475 487
476 482
476 491
476 496
477 491
482 498
486 494
