0 658
0 2263
0 2487
0 2660
2 632
3 2002
3 4734
4 219
6 156
6 4599
7 32
7 3142
8 2779
9 113
9 1509
11 413
11 1674
11 3221
12 3796
12 4253
13 2482
13 2625
13 2677
13 3586
14 318
14 474
14 3988
14 4159
15 1163
15 2327
16 3179
16 4029
16 4935
17 919
17 2263
17 4449
17 4545
18 278
18 432
18 2560
19 3404
19 4353
20 2232
20 4101
21 886
21 1218
21 2202
21 2489
21 3514
21 3657
23 4189
24 1361
24 3892
25 4745
25 4797
26 1414
28 1185
29 1796
29 2026
30 467
30 4817
31 1957
31 3111
31 3162
32 1273
34 767
34 2266
34 2922
34 3026
34 4126
36 2385
37 1671
37 2826
37 4354
38 468
38 3969
39 2844
39 4137
39 4971
40 603
40 1449
41 3920
41 4083
41 4704
42 1406
42 1683
42 2148
42 4670
43 3003
43 3226
45 1787
46 3187
48 956
49 1696
49 4478
50 436
50 1525
51 4788
52 552
52 1347
52 1405
52 2731
53 1960
54 3739
55 2035
55 2196
55 3151
55 3591
56 355
56 994
56 1103
56 1914
57 3760
57 4179
58 2149
59 2546
60 3121
61 1871
61 3563
61 4252
61 4281
62 4787
63 4671
63 4811
64 1039
65 469
65 1100
66 739
67 2621
67 4969
68 157
69 84
71 2652
71 3143
71 3651
72 945
72 2479
72 3095
73 1500
73 3900
73 4532
74 1378
74 2086
74 2359
74 3057
74 3346
74 3867
74 4681
75 1331
75 1354
75 1398
76 2875
77 3723
77 4738
79 681
79 863
79 910
79 1663
79 3127
79 4469
80 1104
80 4726
82 1458
82 1850
83 2587
83 2662
83 3851
84 1146
84 3963
84 3989
85 988
85 3598
86 1713
86 2320
87 1114
87 2162
88 2555
89 2325
89 3061
90 1978
91 374
91 4707
92 627
92 1852
93 1921
94 2061
94 2657
94 3844
94 4299
95 1814
96 201
96 1861
98 1573
99 482
99 2609
99 3877
100 1167
100 2022
101 1730
101 1850
101 2424
102 204
102 3053
102 3600
103 2980
103 3679
104 2484
105 762
105 4563
106 1016
106 2138
106 3266
107 1240
107 2593
107 4823
108 1123
108 1319
108 1568
108 1597
108 2398
108 2473
108 2850
109 932
109 4034
110 2057
110 2655
111 1401
111 1751
114 1109
116 2660
118 302
118 2197
118 2809
118 3529
118 3540
119 1362
119 3352
120 2753
120 4101
120 4689
121 4812
122 4931
123 601
123 727
123 2871
124 3951
124 4586
124 4829
125 864
125 3230
126 2524
127 892
127 4667
128 1917
128 2314
128 3486
128 3916
130 915
131 4881
132 842
132 3008
132 3951
132 4156
133 573
133 1199
134 1196
134 3225
134 3804
135 446
135 2585
135 4090
135 4679
136 1176
136 1792
136 4083
137 4451
139 4734
140 996
140 3173
140 3560
141 3079
142 2338
142 3142
144 2889
144 4773
145 1813
145 4433
146 1705
146 3622
146 4121
147 4132
147 4953
148 540
149 790
153 4296
154 4522
156 526
156 1569
156 2469
156 3223
157 4958
158 1691
159 2187
159 4430
160 1523
161 3111
162 187
162 397
162 3273
162 4959
163 952
163 3570
164 2819
164 2939
164 4077
164 4932
165 4789
167 1428
168 1343
169 740
169 837
169 1209
169 1558
171 848
171 2735
171 3855
171 4070
172 4407
173 1724
174 3322
174 4155
174 4254
175 753
175 2518
176 852
176 923
176 1045
177 1127
177 2546
177 4985
178 2785
178 3487
179 3019
179 3185
179 3658
179 4335
180 1296
180 4954
181 2361
183 4279
183 4368
183 4588
184 1220
184 1239
184 3888
184 3924
185 739
185 1031
185 3846
186 1847
186 3188
187 922
187 1838
187 4774
188 3751
189 3888
189 3898
190 989
190 1307
190 2544
190 2591
190 4207
191 2348
193 2703
193 3206
193 4990
195 298
195 4169
195 4972
196 2644
196 3290
196 3785
197 459
197 2073
198 1477
198 2607
198 3343
199 757
199 1377
200 560
200 918
201 726
201 3362
201 4446
201 4861
202 3236
202 3579
203 861
203 1869
203 4935
204 3866
204 4846
205 3270
205 4373
206 1089
206 2419
207 3974
207 3977
210 559
210 3065
211 1976
212 4443
213 1020
214 1317
214 2181
215 440
215 2382
215 2431
215 2574
215 4097
217 475
218 3823
219 1633
220 3028
221 738
222 2104
222 4602
224 1437
224 1777
224 2604
224 3595
225 3021
225 4452
227 3903
227 4444
227 4991
228 613
229 3368
229 4863
230 2146
231 4174
232 651
233 2803
233 3242
233 3407
234 3274
234 4239
235 491
235 2387
236 2199
236 3895
237 1413
238 1189
238 4993
239 4712
240 1049
240 2578
240 2641
240 3146
240 4078
241 2735
241 4493
242 580
242 3027
243 3031
244 4546
244 4688
244 4715
245 1498
246 1439
248 380
248 1319
248 4018
249 1186
249 1702
249 2498
249 4711
250 4087
251 981
251 3607
253 2279
253 4881
253 4882
253 4901
254 2038
255 1276
256 1595
256 4480
259 2336
259 4923
260 961
260 1659
260 1694
260 3953
260 4364
261 358
261 3755
262 1772
263 4180
263 4451
264 2317
264 3521
264 4352
265 1652
265 1798
265 3346
265 3490
265 4690
266 2184
267 1929
267 2477
267 3921
268 372
268 1803
268 1962
269 3113
270 1224
270 4039
272 443
272 3828
272 4558
272 4852
273 2695
274 448
274 1235
274 1700
274 3073
274 4803
275 4399
276 1129
277 1925
277 2002
277 2572
277 2912
278 1456
278 2755
279 2346
281 813
281 838
282 630
282 1789
282 3305
282 4826
283 432
284 2010
284 4749
285 2464
285 3381
286 2066
287 2626
288 4331
289 1330
289 3651
290 4905
291 1714
291 2959
291 3189
292 1288
292 2865
292 3766
292 4642
294 1893
294 3952
294 4689
295 1706
295 3244
295 3850
295 4371
295 4930
296 2000
296 3300
297 1113
297 1338
297 1448
299 3985
301 719
301 727
301 744
301 1593
301 4341
301 4829
302 1372
302 1888
302 1949
303 3860
305 2604
305 4713
306 1303
306 2528
306 2561
307 3117
307 4484
308 488
308 1786
308 4139
309 2264
309 4973
310 730
310 1796
310 4828
311 4745
311 4915
313 1017
314 1223
314 1968
315 3324
317 1541
317 1875
317 2363
318 3266
318 4267
319 1732
319 2044
321 829
321 1478
322 3426
322 4169
323 326
323 419
323 556
323 1051
323 3316
323 4704
323 4818
324 1395
324 3028
324 4694
325 526
325 2737
327 2702
327 3378
328 2260
328 3215
328 3952
329 735
330 497
330 1285
330 2032
330 3180
330 4946
331 1371
332 772
332 1734
333 1286
333 4807
333 4945
335 3657
336 520
336 1024
336 3377
337 420
338 4606
339 3478
341 1485
341 4702
341 4853
342 1579
342 3248
343 2015
343 4009
343 4588
344 1011
344 1709
344 3512
344 3732
344 4832
345 3064
345 3612
346 609
347 962
347 3945
348 959
349 1738
349 2174
349 4129
352 4339
352 4783
354 1691
354 2444
354 3725
356 1941
358 2595
358 3292
358 3624
358 4340
359 1891
359 2592
360 2129
360 4928
361 1042
361 1355
362 713
363 865
363 2013
363 2866
363 4118
364 495
364 583
365 596
365 2370
365 3491
365 4071
365 4143
366 2058
366 2611
366 2648
366 4877
367 1981
367 3043
367 3743
367 4309
369 658
369 862
369 2426
369 2518
369 3598
370 835
370 2128
370 4707
372 1973
372 4337
373 532
373 2274
373 3839
374 2049
374 3596
375 2200
375 4360
378 3618
378 4467
378 4769
379 1309
379 2070
381 1370
381 4612
383 4218
384 995
384 4231
385 2356
386 553
387 3068
387 4005
388 2218
389 2078
389 2225
391 3590
392 3811
392 4939
392 4940
393 2951
394 2556
395 2631
395 2651
395 2696
396 706
396 2499
396 2967
397 582
397 1519
397 3370
398 2142
400 2117
400 2982
400 3350
401 4583
402 1416
402 4412
403 764
403 1693
404 3703
404 3718
404 4382
405 3492
406 2918
406 4179
406 4948
407 4296
408 2563
408 3282
408 3583
409 3721
409 4571
409 4749
410 2046
410 2124
410 2870
410 4440
410 4511
412 2364
412 2618
412 3362
414 2833
415 510
415 646
415 1285
415 1432
415 4803
416 551
416 812
416 2124
416 2950
417 837
417 3640
418 3853
418 4160
418 4915
420 4232
421 3827
422 2719
422 4652
423 1879
424 3511
426 1119
426 3132
426 3319
428 1423
428 4979
429 3901
429 4829
430 1208
431 2915
432 3385
432 4381
433 2023
433 2069
433 4149
434 2772
435 2701
435 2708
436 786
436 1004
436 3437
436 3785
437 1741
439 2297
439 2685
439 2886
439 3062
442 3772
443 3930
443 4010
443 4672
445 1758
446 4575
447 1045
448 1469
448 1523
448 2082
448 3744
449 1174
452 4976
453 923
454 3144
455 2256
455 3032
456 932
456 3856
458 1539
459 3513
460 1083
460 3337
461 4303
462 1178
462 2304
463 4362
465 2385
465 2437
466 3245
466 4164
467 869
467 1905
467 2325
468 951
468 1884
468 3930
469 667
470 1536
470 1628
470 2546
470 4879
471 1234
472 1326
472 3162
473 2483
474 601
474 1837
474 3157
475 2625
476 2210
476 2613
476 2912
478 1517
478 3040
478 4110
479 2488
480 494
480 2134
480 4461
481 1371
481 1463
482 3527
482 3534
485 1214
485 4603
486 631
486 2722
486 4197
487 3245
489 2832
489 3335
491 747
491 2199
494 2287
494 2415
496 1135
497 1200
497 3289
497 3322
497 3743
498 1730
498 1761
498 2511
498 3190
499 2714
499 3860
500 3492
500 4119
501 2006
502 1695
503 850
503 2323
503 3099
504 846
504 1757
505 2187
505 2390
505 4785
506 667
506 3359
507 2313
507 3728
507 3936
507 4389
507 4946
508 2006
508 2177
512 1178
512 1378
512 1520
514 790
514 967
515 3472
516 3021
516 4314
517 701
517 1150
517 2139
518 1678
518 3265
518 4992
519 2852
520 2501
520 3197
520 3357
522 731
522 4704
523 545
524 1255
524 2845
525 530
526 2813
527 4485
528 976
528 2498
529 3517
530 1149
531 2473
531 4357
532 1315
532 1387
532 2750
533 628
533 1104
533 1909
534 542
534 736
535 3973
536 808
536 2133
537 3351
537 4216
538 1979
538 2958
538 3264
538 4115
539 3402
539 4436
540 3916
541 2372
541 2463
542 1485
542 3199
542 4853
543 883
543 4220
544 1958
544 4613
545 1737
545 2132
545 3342
545 4982
546 942
546 4662
548 3044
548 4369
551 1288
551 3807
551 4513
552 3075
553 4005
554 1288
554 3478
554 3715
555 2114
556 1359
556 3976
556 3989
556 4025
557 1993
557 2978
558 1841
560 609
560 3575
561 1123
561 1714
561 4438
563 866
563 3451
563 3864
563 3937
564 3069
566 746
567 1868
567 2256
569 2309
569 2399
569 3002
569 3108
570 4441
571 2915
573 639
573 2905
573 3593
574 691
574 1925
575 1059
575 1285
575 1950
576 2418
576 3028
576 4595
577 1077
577 1663
577 2613
577 3566
578 2598
578 2772
578 4884
579 858
579 3968
580 2396
581 1876
582 2064
582 2282
583 1434
583 3578
584 1581
585 1025
585 1834
585 1900
586 2367
586 3632
586 4460
586 4654
587 854
587 969
587 4968
589 1042
589 1067
589 1987
589 2068
592 2577
592 3869
593 804
593 3940
594 2044
595 755
595 4200
596 1013
596 3229
597 971
597 2262
597 2876
597 3610
597 3795
598 1903
600 1542
600 2419
600 3750
600 4454
600 4648
601 3306
602 2137
604 734
604 4381
605 1039
605 2531
606 4313
607 3091
607 3770
607 4402
608 4317
609 1088
609 1957
609 2525
610 3148
611 1627
612 4797
613 2842
614 2662
614 3056
614 4184
615 1047
615 2470
615 4196
615 4474
615 4639
616 3513
618 2901
619 3324
620 2745
620 4685
621 1637
621 4057
622 3777
622 4242
624 1385
624 2397
625 4171
625 4811
626 3048
627 4152
628 3756
628 4602
628 4717
630 1137
630 2474
630 4490
631 1977
632 4425
633 2573
633 2640
633 3421
633 3755
633 4508
634 653
634 700
634 1649
634 4935
635 3300
636 2896
638 1960
639 1598
639 2603
640 2422
640 2458
641 3183
641 4570
643 899
643 1362
643 4266
644 2926
645 1083
645 1698
645 3679
645 4321
646 1410
646 3182
646 4518
647 889
647 3744
648 3393
648 4033
648 4063
649 2450
649 3760
649 4069
650 4427
650 4886
651 1417
652 2775
652 4913
653 1816
653 2064
653 2213
653 3534
654 1638
655 2595
655 3999
656 987
656 1290
656 2432
656 3056
658 1225
658 2630
659 1982
660 2271
660 4485
661 1818
661 2213
663 3311
663 3464
664 1695
664 2941
665 835
665 2568
665 3415
665 3979
667 3238
668 1177
668 1745
669 1448
669 3205
669 3875
669 4843
670 1830
671 2442
672 1091
672 1528
672 3917
673 2639
673 4504
674 2248
675 2297
675 3075
675 3668
675 3977
676 1590
676 2876
676 4074
677 1322
678 4874
679 895
679 3017
679 4106
680 1614
680 2288
680 3566
681 1166
682 866
682 3523
683 4683
684 957
684 2320
684 2981
684 3883
685 3692
686 1733
687 3831
688 4027
689 747
690 893
691 2425
691 2666
691 3451
691 3659
692 1337
692 1869
693 2134
693 2268
693 3162
693 3998
694 1432
695 759
695 2350
695 3899
695 3972
698 1117
699 1008
699 4286
700 3718
700 3801
701 4560
702 2467
702 2850
702 3382
703 1941
703 2253
703 4259
704 3900
705 2103
705 3392
706 1447
706 2257
707 2578
708 4234
709 3510
709 4830
710 1281
710 1329
712 1908
712 3542
713 2318
713 3572
714 1506
714 4570
714 4635
715 3944
716 891
716 1019
717 2098
719 1421
719 3327
720 1576
720 2263
720 2342
720 4758
721 2947
721 3094
722 1884
722 3603
723 1597
723 3514
723 3574
724 808
724 2060
725 1353
725 2929
725 2974
725 3771
725 3882
726 2726
727 785
727 2026
727 4125
729 3457
730 1552
730 3239
730 4316
731 1074
731 1370
731 1956
731 2055
732 883
732 4311
733 1160
733 2696
734 2414
735 2904
735 3947
735 4574
736 3174
737 1347
737 1694
738 1473
738 2668
738 2923
738 3322
738 3611
739 1270
739 3682
740 1747
740 3595
741 4283
743 1760
743 4148
743 4836
744 1125
744 3335
745 3646
745 4713
746 1669
746 4016
746 4461
746 4636
747 748
747 2025
747 2297
747 2877
747 3147
748 1329
748 2502
749 3861
750 3180
750 3754
750 3995
751 896
751 4083
752 3988
752 4573
752 4679
753 4712
754 3285
754 4987
757 1914
757 2945
757 3002
758 4330
758 4629
759 3448
759 4791
760 1240
761 2555
761 4102
764 3304
765 999
766 1062
766 2837
767 2571
767 4087
768 1280
768 3207
770 2189
770 4091
772 1061
772 2884
772 3807
773 3951
773 4532
773 4723
774 936
775 929
775 2703
775 3008
775 3086
775 3687
775 4106
776 2275
776 3013
776 3897
777 1487
777 2472
777 2987
778 1505
779 3268
779 3567
780 2296
780 3127
780 3853
780 4644
781 2460
781 4165
782 1853
782 3141
782 3531
782 3584
782 4044
784 1503
784 2546
784 4054
785 2102
785 3952
788 2000
791 1488
791 4375
792 1245
792 2380
792 2604
792 2815
793 4380
795 1103
795 1249
795 1347
796 4454
798 960
798 1637
798 4324
799 3171
799 4772
800 4018
802 4450
803 3852
804 2000
804 4559
804 4895
804 4955
805 920
805 1014
806 1520
808 3311
808 3644
808 3877
808 4390
808 4670
809 2976
809 4696
810 3031
810 3547
811 1110
811 2528
812 1927
813 1082
813 1824
813 4025
814 2132
814 2426
814 2886
814 3146
815 2494
815 2797
815 4623
816 4177
817 3423
817 4934
819 1078
819 3143
819 4363
820 1788
820 4591
820 4657
821 3116
822 1170
822 1257
822 1442
822 1518
822 2605
822 3058
823 1898
823 3332
824 2931
824 4791
825 853
825 3476
825 4075
825 4183
826 2550
826 3256
826 3846
828 2657
829 1881
830 1554
830 2520
832 4417
835 3399
836 4567
838 2500
839 3979
839 4502
839 4824
840 1082
840 1920
840 4746
841 2374
843 4499
844 4893
845 1601
845 2648
845 3472
847 1352
847 4349
848 874
849 1033
849 4134
849 4969
850 1273
852 3778
854 1675
854 4120
854 4498
855 2616
855 3475
855 4476
856 2214
856 2519
857 2141
859 2070
859 3208
860 3396
860 4063
861 1749
862 1450
862 2439
862 4795
863 3389
864 1438
864 3371
866 1049
866 3805
867 2879
867 3249
867 4366
868 1952
868 2621
868 3102
869 3303
869 4443
870 3667
873 3077
874 2517
875 2044
875 2356
875 3605
875 3983
876 1517
876 2571
876 2723
879 2965
879 3114
879 3381
880 2938
882 2997
883 2524
883 3177
883 4171
884 1215
884 3924
885 3248
885 4359
886 2382
886 2498
886 3738
886 4494
887 1614
888 2158
888 2715
889 1373
890 1490
890 1999
890 2981
890 4246
891 3021
892 1844
893 1585
894 2028
894 2210
895 3493
895 4823
896 2694
897 2599
897 3914
897 4973
898 2865
899 3711
900 1608
901 1537
901 1802
901 1986
902 2788
903 3025
904 2109
904 2397
906 3080
907 1425
907 2160
907 2404
907 4022
909 1561
909 2199
909 2731
912 1389
912 4125
913 3815
916 1858
916 2393
917 2388
918 1497
919 2745
920 3578
921 3622
922 1411
922 3928
922 4729
923 1136
924 4419
925 4403
926 2564
927 2979
927 3829
928 3619
929 1231
930 2779
931 4120
932 1420
933 2150
933 3464
933 4300
933 4955
934 1724
934 4075
934 4969
935 2411
935 4603
936 1081
936 1310
936 2270
937 3744
938 1712
938 1886
938 2996
939 3809
939 4324
940 4276
941 3040
942 3566
944 2904
945 1283
945 1797
945 4187
946 1284
947 2047
947 4884
948 1444
949 1162
950 1050
950 3347
950 4572
951 2684
952 2563
952 4492
952 4735
953 1415
953 2135
954 2721
957 2354
957 3001
958 3159
959 1217
959 2055
959 3666
960 1184
960 2106
961 4398
961 4740
962 1084
962 2001
962 2139
963 3580
963 4866
964 1552
965 3138
965 3154
966 3749
967 2262
967 3623
968 2680
968 4446
969 4575
970 2989
972 2164
972 2653
972 3663
972 4041
973 1417
973 1722
974 2376
976 1194
976 4526
976 4720
977 1065
977 1332
977 1648
978 2764
980 2088
981 3848
982 2550
983 4177
983 4345
985 1005
985 3816
986 2725
987 2856
989 2256
989 2311
989 2475
990 3648
991 2508
992 1237
992 2238
992 2914
992 4751
993 1144
993 1579
993 3819
993 4723
994 2299
995 1738
995 2201
995 3494
997 3291
999 1733
999 2013
999 2179
1000 1513
1000 1712
1000 2316
1000 2325
1001 3003
1002 1915
1004 2307
1004 3229
1005 1853
1005 2245
1006 2053
1006 2956
1008 1411
1008 4133
1009 1206
1009 1799
1009 3263
1010 1517
1010 2197
1010 3623
1010 4139
1010 4461
1011 2486
1012 2881
1012 2939
1012 4104
1013 2498
1014 1322
1014 2492
1015 2708
1015 4304
1015 4393
1016 3278
1016 3628
1016 3925
1017 4608
1018 1711
1018 3468
1019 4774
1021 1568
1021 1692
1021 3824
1023 2815
1024 1657
1024 2746
1024 3359
1025 1418
1027 2660
1027 3102
1027 4891
1028 2723
1028 4104
1030 3914
1030 4948
1032 1996
1034 3033
1035 1654
1035 4123
1035 4161
1035 4344
1036 3491
1037 1112
1037 2288
1038 1464
1038 4530
1039 2280
1039 2667
1040 2296
1040 3201
1040 4237
1041 4704
1043 3078
1044 1483
1044 2536
1044 3980
1044 4091
1045 1771
1046 4841
1047 2182
1048 1543
1048 2988
1050 2925
1050 4022
1053 1446
1055 4986
1056 3913
1058 1969
1059 1095
1059 2042
1060 3783
1061 4310
1061 4577
1063 1292
1063 1400
1063 2302
1063 4787
1064 3234
1065 2665
1065 4586
1066 2038
1068 1654
1069 2537
1071 1245
1071 4314
1072 1526
1072 1892
1072 4198
1073 2090
1073 3623
1073 3929
1073 4542
1074 3526
1076 1581
1077 4053
1078 1190
1078 1739
1078 4423
1079 1834
1080 1745
1081 3427
1081 3576
1082 3916
1083 4426
1084 1330
1084 2029
1084 4993
1087 4162
1088 2078
1088 4763
1089 2742
1089 4262
1090 3535
1091 2307
1091 3426
1091 4311
1093 1398
1093 2428
1093 4186
1094 1203
1094 1300
1094 3736
1094 4839
1095 1167
1095 2037
1095 3288
1095 3906
1096 2300
1098 1840
1098 1853
1098 3201
1100 2519
1100 3042
1101 4451
1102 2399
1103 4458
1104 1801
1104 1999
1104 2856
1106 1156
1106 2215
1106 3686
1107 2645
1108 2449
1108 2549
1109 1711
1109 1851
1109 2252
1110 4763
1112 2897
1112 3654
1112 3892
1113 3044
1113 3435
1114 2869
1115 2713
1117 1432
1117 1446
1117 2471
1117 3020
1117 4041
1117 4303
1118 1317
1118 3319
1118 4012
1119 1979
1119 3779
1119 4909
1120 3851
1121 2687
1121 2703
1122 1180
1123 1931
1125 2865
1126 4226
1127 3536
1127 4205
1128 3834
1128 4440
1129 1231
1130 3784
1131 2570
1131 3354
1131 4045
1131 4312
1132 3693
1133 3528
1134 3123
1134 3355
1134 4453
1134 4750
1136 1679
1136 2606
1136 3787
1136 4854
1137 2422
1137 3310
1140 3277
1141 4870
1144 4869
1145 1334
1145 2063
1145 2106
1146 1890
1146 4559
1147 1372
1148 1760
1148 1802
1150 2094
1150 3857
1150 4244
1151 1816
1151 3103
1151 4952
1153 2336
1154 2708
1154 3080
1154 4529
1155 1169
1155 2813
1155 3974
1156 3006
1156 3132
1156 3840
1156 3850
1158 1539
1158 4320
1159 3878
1159 4603
1160 2647
1160 2959
1161 3251
1162 4319
1163 2695
1164 4592
1165 1492
1165 3699
1165 4964
1167 2829
1167 4359
1168 2151
1168 3056
1170 2300
1170 2477
1170 2864
1172 2385
1173 2231
1173 4260
1173 4324
1173 4938
1174 1402
1174 4384
1175 3006
1175 4162
1176 3015
1177 1968
1177 2899
1177 3028
1177 3283
1179 1189
1179 3986
1180 2840
1182 2015
1183 1435
1183 1473
1183 3183
1186 3247
1189 1226
1189 2722
1189 4067
1191 2259
1192 1272
1192 1693
1192 3570
1193 3782
1194 1620
1195 1822
1195 3752
1195 4095
1196 3569
1196 4032
1197 4896
1198 1597
1198 3949
1199 1303
1199 1311
1200 1693
1201 3149
1201 4524
1202 2756
1202 3930
1202 4519
1204 2645
1205 1287
1206 2983
1206 3570
1206 4406
1207 1747
1207 3722
1208 1542
1208 2627
1208 3916
1210 2813
1211 1426
1211 3039
1211 4253
1212 3077
1212 3477
1212 3800
1212 3975
1212 4991
1213 1780
1213 4158
1214 2283
1214 4335
1215 2037
1215 2830
1215 3181
1215 4388
1215 4500
1216 2369
1216 2718
1216 4892
1219 1954
1219 2669
1219 3198
1224 1285
1224 2520
1225 1959
1226 2377
1227 2544
1228 2363
1229 1442
1229 4416
1232 2320
1232 3051
1232 3348
1232 4660
1232 4665
1233 2629
1233 4772
1234 1668
1234 2646
1234 2916
1235 3266
1236 1536
1236 2737
1236 3432
1236 3605
1236 4075
1238 1324
1238 4385
1238 4540
1238 4826
1239 3663
1240 1588
1240 3456
1240 4213
1241 2838
1242 4349
1243 2723
1245 3044
1246 2539
1247 1375
1247 4406
1249 1965
1249 2815
1251 4916
1252 1610
1252 2827
1252 3754
1252 4213
1252 4248
1252 4385
1252 4999
1253 4736
1254 2742
1256 3171
1257 4516
1258 1346
1259 1495
1259 2275
1259 2612
1260 2387
1260 4026
1260 4073
1260 4323
1261 2283
1261 4635
1262 3210
1263 2238
1264 2028
1264 3721
1264 4292
1265 3904
1266 2440
1267 4097
1268 1361
1268 1789
1269 1852
1269 2378
1269 3036
1269 4387
1269 4723
1270 4386
1271 1455
1272 1915
1272 2319
1274 2544
1274 3107
1277 1639
1278 1528
1278 2368
1278 3146
1280 1337
1280 2258
1280 4685
1281 3153
1282 1558
1282 4387
1283 3818
1283 4661
1285 4057
1286 2312
1287 1519
1287 2394
1287 2963
1287 3867
1287 3981
1288 3490
1288 3859
1290 4570
1290 4787
1291 2610
1292 2512
1292 3228
1292 3659
1292 4527
1293 2385
1293 3331
1294 3669
1295 3109
1295 4314
1295 4944
1296 1323
1296 1886
1298 2202
1298 4350
1299 2473
1299 4021
1300 2804
1302 2355
1303 2495
1303 4272
1305 2306
1305 3364
1305 3593
1310 2891
1310 3445
1310 3482
1311 2094
1311 2627
1311 2724
1311 3077
1311 3920
1312 2995
1312 4476
1313 4303
1315 2744
1315 3319
1316 1396
1316 3445
1317 2928
1317 4449
1318 2904
1318 3937
1319 3972
1319 4733
1320 4483
1320 4854
1321 3153
1321 3687
1321 4325
1322 1707
1322 2041
1322 4408
1324 1355
1324 1811
1326 3481
1327 4549
1328 4864
1330 4071
1332 2771
1333 4955
1334 4448
1335 1345
1335 2759
1335 2788
1335 4678
1338 4376
1339 3496
1340 4660
1341 4581
1342 3771
1344 2898
1344 4379
1347 1434
1349 3196
1350 4131
1351 4126
1352 4227
1354 2866
1355 2382
1356 3319
1357 3854
1358 4602
1359 1985
1359 3180
1359 4069
1360 4473
1361 2378
1362 1683
1362 3846
1363 2114
1363 4460
1364 2692
1365 1414
1366 1954
1366 4345
1368 1963
1368 4035
1369 1998
1370 1986
1370 4084
1371 1676
1372 2200
1372 3318
1372 3319
1373 4169
1373 4697
1373 4936
1374 1424
1374 2604
1374 4783
1375 1689
1376 1507
1376 2329
1377 3210
1378 1866
1379 4454
1381 2022
1381 2198
1382 2123
1383 2391
1383 3342
1385 4200
1386 4907
1387 2803
1387 4019
1388 1656
1390 3643
1391 4923
1393 1399
1393 2121
1394 3952
1395 2925
1395 4636
1396 3894
1397 2005
1397 4758
1398 2608
1398 2892
1398 4347
1399 2561
1400 2043
1400 3436
1401 2891
1401 3848
1401 4296
1403 3839
1403 4795
1404 3108
1405 2780
1405 3378
1407 1626
1407 4713
1408 2258
1410 1989
1410 3833
1411 1452
1411 4999
1412 4807
1413 4554
1413 4803
1414 1424
1414 1461
1414 1697
1414 2397
1415 1423
1415 4502
1416 1803
1418 4518
1418 4604
1419 2170
1419 3336
1420 1926
1420 3802
1421 2735
1422 2116
1422 4806
1423 2620
1423 4444
1424 1886
1424 2487
1425 2317
1425 3809
1426 1798
1426 2176
1426 3056
1426 3291
1426 3498
1427 4207
1428 4449
1429 3258
1429 3481
1430 3079
1430 3740
1431 3185
1431 3241
1431 4181
1432 2104
1433 4039
1435 2761
1436 3375
1437 1654
1437 2208
1437 2346
1437 4221
1438 1732
1440 1613
1440 3251
1440 3463
1440 3996
1441 2172
1441 3834
1442 2295
1443 2611
1443 3324
1444 1638
1444 3240
1445 2260
1445 4384
1446 1704
1446 2724
1447 2959
1448 2133
1449 2747
1450 4559
1451 2410
1451 2473
1451 3856
1451 4173
1452 2038
1452 2342
1452 4008
1452 4807
1453 1758
1453 4824
1455 2027
1455 4135
1457 3721
1460 2125
1460 4052
1460 4146
1461 1567
1461 3310
1462 4611
1463 1904
1463 4187
1463 4324
1464 2253
1464 2317
1464 2738
1464 4471
1464 4485
1466 1530
1466 3996
1467 1585
1468 1845
1468 2869
1470 3088
1471 1635
1471 4196
1472 4657
1472 4801
1474 4785
1475 2168
1475 2803
1475 4146
1476 3411
1476 4686
1478 3314
1482 2063
1482 2930
1483 4344
1485 2341
1485 3950
1485 4475
1486 2470
1486 3627
1487 3663
1488 3527
1489 2393
1489 3910
1490 2870
1493 2265
1494 4822
1495 1739
1495 2239
1495 4874
1496 4975
1497 1811
1497 2529
1498 1528
1498 1846
1500 4237
1501 2299
1501 2724
1503 1753
1503 1811
1503 4369
1504 3951
1504 4991
1505 3590
1507 1912
1507 2220
1507 2728
1508 4771
1509 2307
1509 2640
1509 3802
1509 4069
1509 4610
1510 3346
1511 2898
1512 1792
1512 3884
1513 1991
1514 3077
1516 1688
1517 3374
1518 1520
1518 3186
1519 2989
1519 3861
1519 3944
1520 3517
1520 4490
1522 1545
1522 4598
1523 2239
1523 2257
1523 3773
1524 3286
1525 4345
1525 4733
1526 1531
1526 2155
1526 3082
1526 3242
1527 1659
1528 3621
1529 2021
1530 2273
1530 2359
1532 1643
1533 1880
1534 4467
1536 4795
1537 2740
1537 3867
1538 1900
1538 2645
1539 1762
1539 3574
1540 4284
1541 1736
1541 4561
1544 3880
1544 4230
1545 2076
1545 2467
1545 3852
1545 4503
1545 4717
1546 3372
1546 3618
1546 3644
1547 3718
1548 4623
1548 4846
1549 4173
1550 1589
1550 2149
1550 2362
1550 2858
1550 3993
1550 4264
1550 4638
1550 4953
1552 1900
1552 2091
1552 3977
1552 4842
1553 1989
1553 4441
1555 3298
1555 3504
1561 1593
1562 2725
1563 2947
1564 1996
1564 3224
1565 2027
1565 4725
1566 2271
1566 2945
1567 3584
1570 2043
1570 3278
1570 4634
1572 2364
1572 3299
1573 3466
1573 3568
1573 4368
1574 1972
1575 1702
1577 2178
1577 3468
1578 4486
1578 4914
1579 3864
1580 1801
1580 4707
1580 4956
1581 3091
1581 4379
1581 4415
1582 1633
1582 2775
1582 3014
1583 2389
1584 1999
1584 2375
1584 2981
1585 1770
1585 2316
1587 1619
1587 3747
1587 3902
1587 4884
1588 1872
1588 2521
1589 1610
1589 1719
1590 4813
1591 1794
1592 1817
1592 1852
1592 2833
1593 1898
1594 2500
1595 2794
1596 3903
1598 3978
1598 4808
1599 2408
1599 3323
1601 3684
1602 3380
1602 3694
1602 4688
1603 2554
1603 3181
1606 4831
1607 2758
1608 4600
1608 4659
1609 2852
1610 2425
1610 4353
1611 3374
1612 3133
1612 3742
1612 3829
1614 2100
1615 1649
1615 2421
1615 3148
1615 3752
1615 4430
1616 2090
1616 4983
1617 1643
1617 3062
1617 3446
1618 1666
1618 1881
1618 2376
1619 2085
1620 2466
1621 3486
1622 4373
1624 1689
1624 2478
1626 4497
1628 3863
1629 2208
1629 2472
1629 4308
1629 4760
1631 2833
1634 3501
1635 3190
1637 3867
1638 3893
1640 2230
1640 2743
1640 3004
1640 3081
1642 3304
1642 4634
1643 2833
1644 1809
1645 3846
1646 2175
1646 4936
1647 2936
1647 3246
1647 3875
1648 4806
1649 1695
1650 2372
1651 2363
1652 4395
1654 1764
1654 4463
1655 3791
1656 2655
1656 2778
1656 4283
1656 4362
1657 1778
1657 2642
1658 1801
1658 2300
1658 2682
1658 4470
1659 1818
1659 2301
1659 2346
1659 3366
1660 2919
1662 1808
1662 2700
1663 3307
1663 4080
1664 3893
1664 4791
1665 2624
1666 2445
1666 3574
1666 3914
1666 4157
1667 2795
1668 2346
1668 3354
1668 4265
1668 4309
1670 4871
1673 3243
1673 4994
1675 3411
1676 2012
1677 2508
1677 4333
1679 4059
1681 2214
1684 2546
1684 3270
1685 4981
1686 3221
1687 4444
1688 1945
1688 3478
1689 2658
1689 2826
1689 3949
1690 3512
1690 4296
1691 3269
1691 4740
1691 4765
1692 4175
1693 2121
1694 2416
1694 3283
1694 4487
1695 2039
1696 2684
1700 3882
1701 3026
1701 3507
1701 4384
1702 4576
1703 2212
1704 2988
1704 3557
1705 2831
1706 2428
1706 3743
1707 3132
1708 4036
1711 3898
1711 4140
1711 4380
1713 3812
1714 2397
1714 3356
1715 2704
1715 3314
1716 2025
1718 3920
1719 2461
1719 4429
1720 1806
1720 2675
1720 4669
1723 2353
1724 1873
1724 3214
1725 2369
1725 2962
1726 1979
1726 3572
1727 2146
1727 4775
1729 3704
1729 3738
1731 4586
1733 3273
1734 4744
1734 4834
1735 2246
1735 3502
1735 4966
1735 4986
1737 3976
1738 2988
1738 3929
1741 3682
1742 4531
1742 4786
1743 3649
1744 1936
1746 3246
1748 4420
1749 3469
1749 3849
1749 4109
1752 2591
1753 3752
1754 3319
1754 4757
1755 1863
1756 3580
1756 3827
1756 4402
1757 1865
1757 3039
1758 2001
1758 2540
1758 3651
1758 3990
1759 2391
1759 4911
1760 2854
1760 3090
1760 3936
1761 2606
1761 4618
1763 2914
1763 3967
1764 4189
1765 3505
1766 2138
1766 4195
1767 2068
1768 4369
1769 2114
1772 3629
1773 2426
1773 3339
1775 4963
1777 4025
1777 4369
1778 4400
1779 4954
1780 3308
1781 2374
1781 4411
1782 1907
1782 3410
1784 2287
1784 4116
1785 3695
1785 3840
1785 4226
1786 3654
1786 3706
1786 4408
1787 3396
1788 1956
1788 3454
1788 3780
1788 4320
1788 4925
1789 2950
1789 3400
1789 4657
1790 3217
1791 2605
1793 4700
1794 1853
1795 4949
1796 4578
1798 1830
1798 2102
1799 3145
1800 4633
1804 2330
1804 4276
1805 1959
1805 2249
1805 2351
1806 3272
1806 3299
1806 3764
1806 4404
1806 4858
1807 1897
1807 1977
1808 2199
1808 3165
1809 2349
1809 4103
1810 4053
1810 4522
1811 2151
1811 3395
1811 4361
1811 4531
1812 3164
1814 2468
1814 2473
1814 4931
1815 1838
1815 1861
1815 4502
1815 4689
1816 2284
1816 2940
1816 3985
1816 4759
1817 2329
1818 3010
1818 3637
1819 2085
1820 4252
1821 2162
1822 3706
1825 2177
1825 4173
1826 2528
1826 3608
1826 4178
1829 1995
1829 4948
1830 3395
1830 3511
1831 3884
1832 2000
1832 4969
1834 2938
1834 3493
1834 4073
1835 2152
1835 3964
1837 2205
1839 3823
1840 2875
1840 3367
1841 2102
1842 2833
1843 2301
1844 2833
1844 3911
1844 4277
1845 1924
1845 3227
1846 2115
1847 3133
1847 3987
1848 1998
1848 3702
1849 4836
1851 3607
1852 3689
1853 1990
1854 4175
1854 4415
1855 3225
1857 2288
1857 4569
1858 2607
1858 4560
1859 4388
1860 2568
1860 4292
1861 3962
1862 1977
1862 2494
1864 2084
1864 3478
1865 2739
1865 3629
1865 4396
1866 2922
1869 4057
1870 4351
1874 2009
1874 2328
1874 4144
1875 3491
1876 3103
1877 1903
1877 4227
1878 3343
1879 4921
1879 4937
1880 4588
1880 4734
1881 2976
1881 3254
1881 4630
1882 2739
1883 4133
1884 3171
1884 4393
1884 4714
1885 4733
1886 4625
1889 3439
1889 4787
1889 4881
1891 3943
1892 2247
1893 2827
1893 3390
1894 3380
1894 4978
1895 4570
1897 4624
1898 2476
1898 2808
1898 4292
1899 3457
1899 3639
1899 4547
1900 2426
1900 3991
1902 2645
1902 2904
1903 1921
1903 3314
1903 4822
1904 3112
1905 1933
1905 4059
1905 4724
1907 3948
1907 4128
1908 3444
1908 4549
1909 1957
1911 1913
1911 3574
1912 3085
1913 3368
1915 3019
1916 2520
1916 2643
1917 4334
1919 4955
1920 2076
1920 2972
1923 3867
1924 2966
1925 2100
1928 2549
1929 3854
1930 4559
1930 4639
1931 3269
1931 4795
1933 2042
1933 3476
1933 4973
1935 4089
1935 4488
1936 4943
1938 3495
1938 3622
1938 3730
1940 2219
1942 2346
1942 4824
1943 3165
1944 2209
1944 2346
1944 4623
1945 2301
1946 2994
1946 4110
1946 4547
1949 3226
1949 4581
1950 2303
1950 2771
1950 3186
1951 2915
1952 3899
1953 3669
1954 3948
1955 3383
1955 3979
1955 4343
1956 2523
1957 2517
1957 3244
1957 3922
1958 3331
1960 4709
1961 2895
1962 4229
1962 4672
1969 4553
1969 4629
1970 2846
1970 3945
1972 4242
1972 4930
1973 2649
1973 3615
1974 3375
1975 3824
1976 4284
1977 2233
1977 3585
1979 3577
1980 2097
1981 4703
1982 3027
1982 3423
1983 2175
1983 3460
1984 4671
1986 4077
1987 4427
1990 4661
1991 2296
1991 3759
1992 3373
1992 4283
1993 2789
1993 4571
1997 2707
1999 4105
2002 4505
2003 3547
2003 3565
2003 4177
2004 4252
2004 4837
2005 3591
2005 4596
2006 2013
2006 3846
2007 2856
2007 2862
2008 4680
2009 2193
2010 3450
2010 4936
2011 4393
2011 4508
2014 3077
2015 3400
2016 2660
2016 4036
2017 3245
2017 4907
2018 4268
2019 2981
2020 2508
2021 4899
2023 3886
2024 4211
2025 2880
2025 4850
2025 4998
2026 2743
2026 4251
2026 4382
2026 4537
2028 3687
2029 4407
2030 3191
2031 3264
2031 3950
2032 4143
2033 3613
2033 3968
2034 4174
2034 4254
2035 4329
2036 2665
2036 3625
2037 4457
2038 2403
2038 4906
2039 2839
2040 4486
2041 3808
2041 4284
2043 2409
2043 3756
2043 4253
2044 2651
2044 3504
2044 3506
2045 2953
2046 2562
2046 4113
2048 4283
2049 4124
2049 4651
2050 2288
2050 2708
2050 3727
2050 3887
2051 4377
2052 2762
2053 3984
2054 4721
2055 3268
2056 3931
2056 4215
2058 3009
2058 3610
2062 2719
2062 3945
2062 4206
2062 4279
2063 2348
2064 4516
2065 3968
2066 2164
2067 2284
2067 2857
2067 4035
2068 2128
2068 3693
2068 4779
2069 3645
2069 3820
2070 2522
2071 4920
2072 3062
2072 3452
2074 2198
2074 3658
2077 2332
2077 3458
2079 2826
2079 3686
2080 2491
2080 2642
2081 3447
2084 3528
2087 2152
2087 2913
2088 3006
2091 2985
2091 3491
2092 4614
2093 4693
2093 4914
2095 2836
2096 3044
2097 2551
2097 3719
2097 4530
2098 2926
2098 3520
2098 4507
2099 2129
2100 2395
2100 3486
2102 2413
2102 2996
2102 3493
2103 2813
2103 4649
2104 3424
2105 3914
2105 4233
2105 4350
2106 3336
2106 3977
2109 2751
2110 2223
2112 3523
2112 3593
2112 4259
2113 3793
2114 2180
2114 2923
2114 4028
2115 2278
2115 3182
2118 4930
2119 4705
2120 4760
2122 3575
2122 4300
2122 4308
2124 4355
2125 2350
2125 2586
2125 4549
2127 2794
2128 4010
2130 2491
2130 3005
2130 4137
2132 3929
2132 4659
2132 4954
2133 3799
2134 2540
2134 3885
2134 4130
2136 4675
2137 3215
2138 4946
2139 4231
2139 4670
2140 3803
2141 2824
2142 2889
2142 3270
2142 4363
2142 4890
2145 3766
2147 4384
2147 4386
2149 3402
2150 2289
2150 2316
2150 4735
2151 3954
2151 4270
2152 2886
2152 4092
2152 4302
2153 4800
2154 3081
2154 4351
2154 4834
2155 2279
2157 4955
2158 2990
2161 4277
2162 2427
2162 3176
2163 3852
2164 2282
2164 2632
2164 3656
2165 2483
2166 2502
2168 3865
2169 2198
2170 2606
2170 2762
2172 2605
2172 3990
2172 4078
2176 2990
2176 3561
2176 3715
2177 3220
2177 4240
2178 2600
2178 3368
2180 2727
2181 2585
2182 4737
2182 4994
2183 3030
2184 3623
2186 2342
2187 2528
2188 4597
2189 2730
2190 2813
2190 3112
2190 3393
2190 4529
2191 4178
2192 2424
2193 2422
2193 4086
2194 2438
2194 2581
2194 2620
2196 2273
2196 3204
2197 4804
2198 3591
2199 3219
2199 3921
2199 4397
2201 2604
2201 3520
2201 4362
2202 3302
2203 3108
2203 3132
2203 4863
2204 3621
2206 3117
2207 4116
2209 3245
2209 4800
2210 3402
2210 4232
2211 3362
2211 3703
2213 4000
2214 3940
2215 2855
2216 2294
2216 2848
2216 3169
2217 3261
2218 2443
2219 2286
2220 2344
2223 4192
2224 4645
2225 2945
2225 4235
2226 3214
2226 3454
2228 4943
2229 4015
2229 4080
2229 4111
2233 3270
2234 3477
2235 4958
2236 4647
2237 2406
2237 4266
2237 4547
2238 3449
2239 4063
2239 4227
2239 4286
2239 4381
2240 3156
2240 4407
2243 2663
2243 3007
2244 4262
2244 4587
2246 3448
2246 3706
2247 2920
2248 3701
2249 2731
2249 4896
2250 2539
2250 2852
2250 4568
2251 2962
2252 2582
2253 3939
2254 4047
2254 4405
2257 3969
2257 4044
2257 4450
2260 3415
2263 4269
2264 2558
2264 4198
2265 4995
2266 3789
2266 3856
2267 2461
2268 2983
2268 4132
2273 2603
2273 3624
2274 3160
2274 3308
2274 4354
2275 2740
2275 3124
2276 2882
2276 3384
2277 2830
2277 3115
2277 3736
2277 3940
2277 4730
2278 3385
2278 3733
2278 4166
2281 3876
2283 3921
2283 4359
2284 2374
2284 2497
2284 4677
2286 2968
2286 3210
2289 4264
2291 2922
2291 4278
2292 2810
2294 4519
2296 2679
2296 3054
2300 2949
2300 3036
2300 3423
2300 3544
2301 3948
2302 3421
2303 2411
2303 4534
2305 3502
2305 4381
2307 3767
2308 3307
2311 4683
2312 2636
2312 4505
2314 3820
2315 2613
2315 2898
2316 2645
2316 3485
2316 3718
2318 2797
2318 3435
2318 3679
2319 3609
2319 4241
2320 2429
2321 4325
2323 2649
2323 4821
2324 3609
2325 3178
2325 3554
2326 2927
2326 4282
2328 3503
2328 4234
2330 4985
2333 2623
2334 2758
2334 4110
2335 2643
2336 4139
2336 4704
2339 4491
2340 2902
2340 3038
2341 4017
2341 4962
2342 4287
2342 4548
2343 4246
2343 4853
2344 2959
2345 3260
2346 2595
2349 4766
2351 4818
2352 3117
2352 4418
2354 4347
2354 4378
2356 2623
2358 4096
2359 2496
2359 3673
2359 3701
2360 2560
2360 2599
2362 2475
2362 2855
2362 4736
2365 4904
2366 2558
2366 3865
2370 3938
2371 3788
2372 2780
2372 4014
2372 4330
2372 4389
2375 2674
2375 3893
2377 3232
2380 2485
2381 3975
2383 4200
2384 4520
2385 3535
2385 3840
2385 4862
2386 3640
2387 4917
2388 2396
2388 2956
2389 4306
2390 2479
2391 3814
2391 4691
2395 4664
2396 3670
2397 3238
2398 4112
2401 3382
2401 3857
2401 4294
2402 3260
2402 4206
2402 4283
2403 4609
2404 2881
2406 3529
2407 4462
2408 2562
2408 4882
2409 3680
2409 3938
2410 3096
2410 4182
2410 4453
2410 4472
2410 4904
2411 2838
2411 3683
2411 3822
2412 3376
2413 3493
2417 3733
2417 4641
2417 4903
2419 3079
2419 4376
2419 4805
2420 4276
2421 4186
2422 4684
2423 4143
2424 3844
2424 4387
2425 3899
2426 4836
2427 3617
2428 4828
2430 4086
2431 4800
2432 2612
2432 3835
2432 3948
2434 2724
2434 2856
2434 3566
2435 3960
2435 4069
2437 4373
2438 3748
2439 2717
2439 2960
2439 4854
2441 4713
2442 3372
2444 4342
2446 4557
2446 4942
2447 4229
2448 4419
2449 4982
2450 4699
2451 2526
2452 3416
2453 3544
2454 2480
2456 4211
2457 4678
2458 3507
2458 4521
2459 2535
2459 3673
2459 3853
2459 4068
2459 4172
2461 2658
2461 3297
2461 3974
2461 4147
2463 3349
2463 3671
2463 4389
2465 3155
2465 3860
2465 4763
2466 3437
2466 4722
2467 2533
2467 2908
2467 2956
2468 3180
2468 4740
2469 4424
2470 3506
2473 3386
2474 3219
2474 3388
2474 4847
2475 3570
2475 3863
2478 4643
2478 4865
2479 3915
2480 3687
2480 4545
2482 3309
2482 4080
2482 4584
2483 3773
2485 2835
2487 2546
2488 4887
2490 4121
2491 3314
2494 3497
2494 3535
2494 4546
2495 4413
2497 3811
2497 4375
2498 2873
2498 3848
2498 4896
2499 2633
2499 4915
2500 3741
2503 3477
2504 4312
2505 3179
2505 3304
2506 3014
2508 3157
2508 4840
2509 3144
2509 4303
2509 4490
2511 2917
2512 3930
2512 4239
2513 4590
2514 2877
2515 4321
2516 3391
2517 2719
2519 2561
2519 3291
2519 4634
2520 2945
2520 3256
2520 3979
2521 3480
2522 4176
2524 3408
2524 3750
2524 4112
2524 4924
2525 4862
2529 3738
2529 4979
2530 4529
2532 4186
2533 3764
2534 4840
2536 2644
2536 3147
2536 3567
2536 4323
2540 2671
2540 4931
2541 3677
2543 2696
2543 2710
2544 4942
2545 4025
2546 2792
2546 4892
2547 4912
2549 2623
2551 4987
2553 4568
2557 3670
2557 4092
2558 4135
2560 4834
2561 2609
2564 4184
2564 4831
2567 3605
2568 3106
2568 3183
2569 2687
2569 3376
2569 4473
2569 4953
2571 4427
2572 3151
2572 3779
2573 4178
2574 3247
2575 3571
2576 4882
2577 3623
2577 4855
2578 4183
2578 4842
2579 3442
2579 4070
2579 4767
2579 4837
2580 3120
2580 4780
2581 2825
2581 4335
2582 3385
2584 3908
2586 2964
2589 3023
2590 3846
2590 4808
2591 3366
2591 4248
2594 4041
2598 4115
2599 4402
2602 4072
2603 2868
2604 3037
2604 3997
2605 4792
2606 4135
2606 4723
2609 3732
2609 4012
2609 4891
2612 3445
2612 4397
2613 4433
2614 4613
2615 4742
2617 4046
2619 2866
2619 3750
2622 3537
2623 2774
2623 3566
2624 4440
2625 2884
2629 3249
2631 3605
2633 2829
2633 3969
2635 4199
2636 4331
2640 3616
2641 3069
2644 3794
2644 4218
2644 4989
2645 3296
2646 4091
2647 3633
2647 4820
2648 4636
2650 3583
2651 3176
2651 4381
2653 3818
2653 4609
2655 3556
2656 3596
2656 4837
2657 3611
2658 4483
2660 3579
2662 3160
2665 2676
2665 2747
2665 3975
2665 4918
2667 2755
2667 3821
2669 3421
2669 4478
2672 2949
2672 3271
2672 4641
2673 4372
2675 3339
2675 3463
2675 4579
2676 2919
2677 3453
2682 2928
2683 2752
2683 3930
2685 2868
2686 2741
2689 4216
2689 4726
2690 2918
2690 3069
2690 4500
2690 4648
2691 4605
2692 3529
2693 4584
2695 3033
2695 4713
2697 3837
2698 3200
2698 4185
2698 4820
2702 3121
2703 3337
2703 3723
2703 3992
2704 3869
2708 4180
2709 2837
2709 3071
2709 3521
2710 4029
2713 2930
2715 4686
2716 2950
2716 3356
2716 4581
2717 3010
2719 4260
2719 4985
2720 2817
2720 4332
2720 4494
2722 2797
2723 3789
2726 2750
2726 3744
2726 4255
2726 4714
2728 3144
2728 3869
2729 4876
2730 3951
2731 3653
2733 3758
2733 4086
2734 3102
2735 2813
2736 2947
2738 3822
2741 4029
2745 3097
2745 3422
2745 4066
2746 3598
2749 3159
2749 4925
2751 3003
2752 2956
2753 3446
2753 4057
2754 3804
2754 4486
2756 3058
2757 3176
2758 4285
2759 4115
2760 4879
2763 3168
2763 4519
2765 3762
2766 4249
2766 4658
2766 4945
2767 2929
2767 4071
2768 3303
2770 4077
2771 4765
2772 3153
2773 3169
2773 4545
2773 4706
2775 4285
2779 3021
2781 2969
2783 3608
2783 4004
2783 4383
2783 4628
2786 4320
2787 3374
2787 4174
2789 4316
2790 3464
2790 4160
2790 4999
2793 4628
2794 3054
2795 4666
2798 3829
2799 4731
2800 2972
2800 3811
2800 3819
2801 4064
2803 2870
2803 3421
2803 4034
2804 2951
2804 3450
2805 4003
2806 3320
2806 4135
2807 4474
2808 4902
2810 4347
2811 2916
2811 2953
2811 3629
2812 4858
2812 4867
2815 2954
2816 4346
2816 4961
2817 3444
2817 4475
2820 4916
2821 3732
2825 4188
2827 3355
2827 4656
2828 2996
2828 4613
2829 3370
2831 4531
2832 3371
2833 3369
2836 4916
2837 3329
2839 4387
2840 3464
2841 3192
2842 4791
2843 3385
2845 4570
2849 4148
2849 4687
2850 3447
2851 2922
2851 3499
2851 3707
2852 3906
2857 4179
2857 4435
2857 4816
2860 3459
2860 4993
2863 3721
2863 4974
2864 3319
2864 3573
2865 4246
2871 3950
2872 2920
2872 3803
2876 3252
2876 4847
2877 3539
2877 3675
2879 4660
2883 3086
2883 4601
2884 3325
2885 3239
2885 3590
2885 4891
2886 4192
2887 3359
2888 3626
2888 4503
2889 3422
2890 4042
2895 4098
2896 4420
2896 4768
2896 4929
2897 4688
2898 4682
2899 3159
2900 4395
2901 3204
2901 4276
2902 3893
2903 3716
2903 3944
2904 3672
2905 4429
2907 3259
2907 3525
2909 3295
2911 4250
2912 3725
2912 4398
2916 4154
2918 4387
2918 4786
2919 3399
2921 3119
2922 4743
2924 3686
2924 4589
2924 4667
2926 3396
2926 4044
2926 4715
2927 3149
2929 3990
2929 4457
2932 3637
2934 3511
2935 3146
2935 3538
2936 3339
2936 3685
2937 4212
2938 3074
2943 4998
2947 4803
2950 4469
2951 3746
2955 3228
2957 3381
2957 3412
2959 3318
2959 3548
2960 3394
2960 4157
2961 3933
2961 4973
2963 3361
2963 4047
2963 4398
2965 3325
2965 3801
2966 2988
2966 3024
2968 3085
2968 4827
2973 3303
2973 3803
2975 3435
2983 3468
2984 3712
2985 3054
2985 3166
2985 4839
2986 4417
2990 4994
2991 3725
2991 4706
2994 3690
2994 4403
2995 4275
2996 3595
2996 4754
2997 4664
3001 3038
3002 3062
3004 3283
3004 3880
3005 3476
3006 4798
3007 4705
3008 3108
3010 3268
3012 3184
3014 3201
3014 3998
3015 3931
3019 4681
3020 3683
3020 4259
3021 3812
3022 4337
3023 3232
3026 3901
3028 3930
3029 3335
3030 4577
3030 4999
3031 3932
3033 3360
3033 3393
3033 3831
3034 3799
3035 4314
3036 4178
3037 4298
3038 4290
3040 3215
3041 3150
3041 4141
3045 3172
3045 3217
3045 3729
3048 4554
3051 4125
3057 4722
3059 4783
3063 3252
3063 3937
3064 3778
3065 3765
3065 4390
3067 3070
3067 3889
3067 3980
3068 4974
3069 3318
3070 3320
3070 3462
3070 4210
3072 3667
3072 4011
3072 4808
3073 4975
3074 3719
3077 3293
3078 3583
3079 3748
3079 3942
3081 3414
3081 4069
3081 4552
3083 3605
3084 4259
3085 3546
3088 3133
3088 3377
3090 4529
3090 4807
3095 4515
3096 3105
3096 3696
3096 4239
3096 4647
3097 4512
3097 4676
3097 4782
3101 3706
3101 4262
3103 4974
3104 3613
3105 3382
3105 4340
3105 4590
3106 4167
3109 3182
3112 3797
3112 4294
3114 4068
3115 3573
3117 4574
3119 3634
3120 4457
3120 4778
3120 4932
3121 3148
3121 3966
3122 4675
3123 3455
3123 4044
3125 4374
3126 4244
3127 3958
3129 4228
3130 3409
3135 4931
3135 4948
3136 4428
3137 4156
3139 4277
3140 4221
3141 4929
3142 3332
3142 3947
3142 4516
3143 3474
3144 3987
3146 3505
3148 3460
3148 3715
3149 3424
3149 4298
3151 4903
3154 3517
3154 4252
3159 4765
3161 3710
3161 4447
3161 4552
3164 4318
3164 4536
3166 3790
3167 3701
3167 4989
3169 3874
3172 3556
3172 4001
3173 3286
3174 4412
3174 4937
3177 4305
3180 3523
3183 4128
3183 4567
3185 3611
3188 3859
3188 4972
3192 4704
3193 4930
3196 3233
3199 4556
3206 3944
3206 4898
3207 3374
3212 3380
3214 3334
3215 3550
3217 3602
3218 4673
3219 4008
3219 4889
3220 4776
3221 4299
3222 3914
3222 4527
3224 4616
3224 4957
3226 4215
3227 4406
3230 3697
3232 4850
3235 3559
3239 4136
3240 4256
3241 3686
3244 3822
3245 4240
3247 4690
3250 3427
3252 4551
3256 3362
3257 3813
3258 3382
3259 4114
3260 3899
3260 4041
3260 4449
3261 3718
3264 3823
3264 4101
3265 4907
3268 4306
3270 3865
3270 4292
3270 4667
3272 4080
3272 4248
3273 4764
3280 3796
3280 4790
3281 3794
3281 4326
3283 3377
3283 4077
3285 4764
3286 3442
3286 3600
3289 4001
3291 4147
3294 3774
3295 3437
3296 4519
3296 4624
3296 4819
3297 3551
3299 3987
3299 4752
3299 4757
3300 4125
3300 4499
3304 4844
3306 3767
3308 3939
3309 3315
3313 4260
3313 4345
3314 4829
3316 3377
3316 4345
3317 3636
3317 4028
3317 4576
3320 3790
3322 4584
3334 4284
3336 3749
3336 4864
3337 4089
3342 4011
3344 4473
3348 4512
3350 3975
3350 4176
3353 4728
3353 4801
3357 3856
3358 4347
3360 4398
3362 3826
3368 4899
3369 4458
3369 4771
3370 4225
3374 3700
3374 4938
3375 4627
3376 3716
3377 4793
3379 3575
3384 4165
3390 3586
3393 3740
3393 3910
3394 3676
3394 4887
3395 4402
3396 3618
3396 4449
3398 4138
3405 4347
3406 3889
3409 3856
3410 3805
3411 4727
3412 3982
3413 4370
3417 3592
3417 3596
3419 4158
3420 3756
3428 4301
3429 3867
3429 4335
3430 4026
3435 4907
3436 3857
3436 3982
3437 3502
3437 4603
3439 3522
3441 3550
3447 3812
3449 3808
3450 4644
3452 4503
3456 4194
3457 3865
3458 3778
3460 4787
3461 4824
3463 4818
3464 4721
3466 3869
3467 4256
3469 3541
3470 3489
3470 4484
3471 3969
3472 3488
3472 4363
3473 4496
3475 4523
3477 3631
3478 3775
3479 3568
3480 4115
3481 3660
3481 4762
3482 3753
3490 4500
3492 4414
3492 4979
3493 3880
3494 4001
3497 4699
3501 3713
3506 4075
3507 4431
3508 4637
3509 4135
3511 4459
3511 4917
3514 4494
3514 4947
3515 4076
3516 4855
3517 4528
3518 4864
3519 3837
3519 3931
3519 4917
3522 4187
3523 4785
3527 4315
3528 3664
3529 3575
3529 4838
3532 4117
3532 4232
3534 3563
3535 3944
3536 4141
3538 4980
3539 4513
3540 3641
3542 4998
3543 3655
3545 3662
3545 4812
3546 3847
3546 4163
3546 4866
3548 4841
3549 3694
3549 4445
3550 3668
3550 3706
3550 3966
3552 4760
3562 3629
3563 4388
3566 3915
3568 4755
3569 4468
3571 4411
3572 4361
3574 4223
3574 4600
3574 4719
3577 3793
3578 4630
3579 4972
3582 3994
3583 4270
3584 3765
3584 4121
3584 4529
3585 4138
3586 3953
3586 4276
3589 3606
3591 4492
3592 4161
3592 4755
3594 3877
3597 4776
3599 3628
3602 4211
3602 4360
3607 3922
3607 4568
3614 3779
3618 4275
3618 4770
3619 4300
3619 4768
3621 3825
3621 4641
3628 3788
3632 4528
3635 4667
3636 4686
3637 3756
3637 3821
3638 3833
3639 3729
3639 4786
3640 3890
3640 4379
3641 3676
3645 4196
3647 4857
3649 3798
3649 4162
3652 4632
3652 4988
3653 4972
3658 4532
3661 4801
3667 3787
3669 4203
3669 4510
3673 4502
3674 3806
3674 4669
3675 4215
3676 4103
3678 4799
3678 4930
3679 3892
3682 4498
3683 4277
3686 4824
3690 4611
3692 4431
3692 4596
3694 3864
3695 4523
3696 4196
3703 4044
3705 4490
3706 4269
3706 4911
3713 3742
3713 4661
3714 4043
3716 3837
3717 4071
3717 4540
3718 4599
3719 4421
3728 4780
3729 4546
3736 4903
3737 4045
3737 4670
3739 4111
3741 3765
3743 4239
3743 4270
3743 4555
3747 4019
3747 4215
3748 4240
3750 4865
3751 4243
3751 4592
3752 4099
3752 4511
3752 4619
3758 3960
3760 4872
3760 4954
3763 4650
3765 4350
3767 4746
3769 4442
3770 4693
3771 4891
3773 4870
3777 4646
3778 4478
3778 4479
3778 4836
3781 4674
3782 3806
3783 4754
3784 4861
3785 4030
3786 3992
3788 4216
3793 4491
3802 4682
3802 4943
3804 4290
3806 4851
3810 4882
3814 4365
3816 3980
3819 4034
3823 4664
3825 3990
3828 4994
3829 4011
3830 4073
3833 4195
3835 4221
3836 4819
3842 4115
3843 4536
3847 3950
3847 4890
3849 3866
3851 4677
3855 4832
3858 4680
3860 4156
3860 4826
3863 4456
3864 4866
3866 4186
3870 4981
3876 4644
3877 4993
3878 4769
3885 4608
3886 4325
3888 4025
3890 4963
3895 4140
3896 4376
3900 4148
3900 4430
3904 3925
3910 3975
3914 4541
3917 4073
3922 4077
3927 4049
3928 4043
3928 4092
3928 4403
3929 4232
3935 4278
3935 4839
3936 4794
3937 4174
3939 4520
3942 4001
3942 4069
3944 4040
3944 4580
3946 4707
3946 4918
3951 4819
3952 4235
3953 4560
3956 4958
3959 4137
3960 4192
3963 4965
3971 4932
3976 4628
3986 4570
3987 4071
3992 4657
3994 4979
3996 4535
4002 4742
4004 4679
4005 4614
4005 4942
4011 4495
4014 4228
4014 4346
4015 4696
4016 4289
4016 4632
4017 4092
4019 4096
4019 4725
4020 4177
4027 4625
4028 4439
4030 4599
4031 4079
4033 4049
4039 4856
4040 4690
4049 4106
4049 4784
4051 4870
4054 4826
4058 4277
4062 4531
4064 4397
4071 4565
4075 4963
4079 4621
4083 4570
4083 4825
4085 4473
4085 4964
4090 4150
4092 4265
4094 4544
4099 4833
4104 4792
4111 4637
4111 4842
4115 4265
4119 4874
4125 4482
4125 4824
4126 4227
4127 4971
4131 4460
4133 4515
4134 4982
4135 4737
4143 4939
4145 4912
4148 4874
4151 4288
4161 4570
4164 4609
4170 4741
4175 4489
4175 4642
4177 4939
4178 4578
4180 4979
4181 4398
4186 4620
4195 4493
4196 4205
4197 4656
4215 4958
4216 4298
4220 4457
4226 4261
4252 4274
4256 4802
4260 4805
4261 4460
4270 4884
4275 4347
4277 4967
4278 4356
4278 4940
4278 4959
4280 4919
4281 4282
4284 4393
4285 4301
4286 4907
4290 4964
4293 4777
4302 4572
4304 4310
4305 4308
4314 4747
4327 4430
4327 4675
4327 4876
4336 4968
4339 4422
4352 4593
4362 4650
4363 4520
4368 4463
4370 4635
4371 4402
4373 4835
4380 4965
4382 4726
4383 4817
4384 4918
4389 4475
4397 4992
4399 4637
4401 4634
4403 4805
4415 4520
4416 4663
4417 4465
4418 4821
4424 4805
4430 4955
4434 4459
4435 4733
4443 4484
4444 4504
4445 4833
4454 4669
4454 4954
4459 4758
4470 4661
4471 4669
4475 4493
4485 4801
4487 4504
4488 4497
4515 4762
4521 4841
4527 4573
4530 4955
4550 4775
4556 4738
4557 4993
4559 4951
4574 4833
4585 4992
4587 4698
4588 4680
4589 4713
4593 4787
4615 4749
4622 4957
4635 4715
4640 4773
4640 4777
4647 4900
4653 4702
4669 4830
4678 4995
4682 4967
4683 4945
4684 4906
4696 4957
4707 4710
4741 4749
4750 4798
4753 4854
4757 4786
4822 4998
4828 4996
4830 4850
4858 4864
4878 4948
4883 4968
4908 4972
4961 4974
