0 155
0 266
0 336
1 141
1 144
1 170
1 209
1 488
3 388
3 482
4 289
4 341
6 434
7 135
7 282
7 362
7 369
8 47
10 318
12 23
12 317
12 379
13 67
13 287
13 475
14 23
14 199
14 498
15 47
16 412
17 296
18 427
19 55
19 439
20 158
20 455
20 460
21 157
21 177
23 338
24 440
25 402
26 104
26 129
26 487
27 77
27 96
28 150
29 123
30 84
31 203
31 206
32 197
32 212
32 325
35 141
35 259
35 389
35 424
35 485
35 495
36 263
36 311
36 362
37 226
37 275
37 295
38 72
38 80
38 226
38 240
38 303
39 365
41 306
41 435
41 436
42 329
43 145
43 374
44 302
46 117
46 240
46 339
46 386
47 194
47 324
49 183
49 337
49 462
51 227
51 269
51 426
51 447
52 356
54 121
54 380
54 445
55 127
55 296
55 345
56 78
57 475
58 349
58 398
59 449
59 455
60 331
61 126
61 369
61 380
61 407
61 482
62 233
63 239
64 65
64 242
64 257
64 326
64 402
65 98
65 318
66 276
67 370
67 474
68 135
68 410
69 442
70 77
70 321
71 216
73 209
74 196
75 335
75 403
76 228
76 279
76 415
77 253
78 122
78 222
79 97
79 110
80 122
80 224
80 232
81 403
82 276
82 379
83 189
83 499
84 131
84 135
84 405
84 430
85 208
85 310
85 355
86 337
88 282
89 240
90 375
90 451
91 154
91 297
91 377
93 142
94 98
94 494
96 357
97 317
97 471
98 161
99 151
101 196
101 366
102 418
102 429
104 342
104 351
105 426
106 300
106 320
108 135
108 328
108 467
109 259
109 261
109 276
109 442
110 378
110 416
111 119
111 227
111 238
112 139
112 229
112 249
112 325
113 331
115 412
115 430
115 440
116 184
116 395
117 301
117 310
117 420
118 147
118 196
118 236
119 241
120 206
120 323
120 437
120 454
121 142
121 442
122 135
122 292
123 353
123 368
124 156
125 243
125 271
125 425
126 296
126 381
126 430
127 136
128 233
128 347
128 408
128 497
132 174
132 384
133 194
134 382
135 173
135 258
136 281
136 420
138 156
138 473
139 144
139 171
139 212
139 425
140 225
142 385
142 442
142 451
143 450
146 216
147 224
147 339
147 346
150 222
151 283
151 358
151 382
152 440
153 234
153 259
153 462
153 477
154 207
154 332
155 252
156 291
157 304
158 341
159 282
159 294
160 339
161 205
161 475
162 381
163 457
164 445
165 309
165 436
166 407
167 382
168 210
168 396
168 436
169 180
169 319
169 445
172 342
172 389
174 478
176 217
176 373
178 209
179 328
181 399
181 408
183 191
183 294
185 325
185 449
186 220
186 374
186 460
187 271
188 242
189 298
189 343
191 390
194 230
194 244
195 197
195 292
195 305
195 317
195 446
196 253
197 460
198 232
202 452
203 332
203 482
204 343
205 251
205 462
206 356
206 442
207 354
207 370
208 250
210 289
210 410
213 310
214 275
214 336
215 340
215 421
216 305
216 424
217 353
220 402
221 376
221 491
223 248
223 310
224 460
226 282
226 345
226 389
226 469
227 486
229 405
230 352
232 325
233 282
233 477
234 318
235 362
236 484
237 341
238 461
239 270
239 442
239 470
239 493
240 245
242 361
242 406
243 330
248 417
249 446
250 443
251 496
253 435
254 467
255 320
255 477
256 276
256 467
257 470
258 308
259 311
259 467
260 361
263 339
263 422
264 485
265 333
267 494
270 446
271 286
272 392
273 373
274 486
275 351
278 461
279 409
280 426
282 390
283 440
284 338
284 388
285 391
286 452
288 485
289 400
291 312
291 471
292 295
294 300
296 310
296 337
296 376
299 484
300 380
305 359
305 404
307 412
308 459
310 493
312 435
312 445
312 491
313 413
313 417
315 413
316 453
318 387
319 354
320 367
321 330
322 351
324 436
325 416
327 352
327 492
332 359
338 411
338 443
339 405
340 471
342 442
344 383
345 439
345 441
346 370
346 379
346 383
346 464
347 408
347 431
348 369
348 429
349 405
350 471
353 425
353 462
356 484
356 490
357 483
359 440
359 479
360 446
368 456
368 460
368 481
369 448
374 401
376 415
380 441
382 450
383 422
384 479
386 494
392 398
395 404
397 409
399 490
400 476
400 496
403 405
409 415
409 441
411 490
413 441
414 445
419 487
425 464
426 462
428 440
436 456
438 450
447 472
448 497
452 482
461 491
463 464
473 476
480 487
