0 2204
0 4785
1 2011
1 2895
1 3299
2 4059
4 1025
4 3046
5 1200
6 1921
6 3307
6 3653
7 801
8 264
9 883
11 1038
11 1794
12 78
12 2442
12 3310
12 4508
13 1449
13 2888
14 1991
14 2952
14 4817
15 48
15 2575
16 507
16 4599
20 62
20 1999
21 2322
22 2037
22 3982
23 3662
24 2492
24 2988
24 4240
26 1676
26 2989
26 4310
26 4829
27 2918
28 1485
28 1902
28 3769
28 3843
29 346
30 4654
31 1895
31 2115
32 266
32 613
32 1105
32 4999
33 1886
33 2360
34 2521
34 4605
35 2673
35 3410
36 1267
36 1927
36 2864
37 1099
37 3400
37 4138
39 2467
39 3918
40 1621
40 4532
41 947
41 3909
41 4635
41 4666
41 4870
42 1212
42 1446
43 1275
43 3230
44 858
44 2080
45 2759
45 3689
45 4673
46 649
46 3116
46 3851
46 4681
47 114
48 3177
48 4806
49 787
50 292
51 3683
53 2477
53 3777
53 4388
54 1583
54 1706
54 1755
54 3952
55 4878
56 3738
56 4103
56 4766
57 1930
57 2874
57 3884
58 1177
58 4979
59 64
59 1782
59 4149
60 3040
60 3080
60 3924
61 1851
61 2209
62 4469
63 455
63 1840
63 2258
63 2635
64 1135
65 341
65 730
65 3931
66 4252
66 4635
67 392
67 1746
67 3625
69 368
69 1701
70 4563
71 1374
71 2308
71 2478
71 4006
72 3235
72 4025
73 4036
73 4352
73 4451
74 1883
74 4152
75 862
75 3034
75 4693
76 131
76 3139
76 3912
76 4464
77 4823
78 3955
78 4403
79 3256
80 502
81 3034
82 84
82 1537
82 2600
82 3054
83 3097
84 815
84 4586
85 134
85 559
85 1378
85 1435
85 3123
86 1356
86 1561
86 4045
87 1504
88 1809
88 2336
89 1203
89 1582
90 961
91 2170
91 2525
91 3373
92 747
93 3818
94 966
94 1232
97 184
98 565
99 916
99 1524
100 3243
100 3362
101 1153
101 2748
102 1649
102 2409
102 4535
102 4738
104 4160
104 4365
105 108
105 972
105 1257
105 4769
106 549
106 1726
106 3712
106 4102
106 4857
107 3429
107 4517
108 906
108 2049
108 2944
110 3195
111 3132
111 4063
112 157
113 278
114 3445
114 4607
115 1446
115 2331
115 3221
115 4820
116 2560
117 3179
117 4306
118 392
119 154
120 597
120 3235
120 4948
121 4332
122 4349
125 603
126 1808
126 2645
126 3590
129 4902
130 4888
131 2869
132 2428
132 4515
133 1236
133 3875
134 1584
135 3521
135 3811
136 251
137 3940
138 153
139 2388
139 2557
139 3321
140 968
143 558
144 2974
145 1495
145 2596
145 4591
146 3549
146 4321
147 310
147 2123
147 2539
147 3517
147 4618
149 1824
149 3731
150 4819
151 2026
152 2443
153 289
153 530
153 4431
154 396
155 2751
155 3448
155 4112
156 1833
156 3419
156 4211
157 1030
157 2923
157 4155
157 4279
157 4588
158 978
159 773
159 863
159 3469
160 2074
162 3229
163 185
163 314
163 808
163 2905
163 4767
164 2686
165 2438
166 2242
166 3692
166 4100
168 3355
170 3690
170 4670
171 2909
172 4792
173 4968
174 3058
175 1677
175 3313
175 4636
175 4736
176 852
176 2804
176 3607
176 3886
176 4426
177 1085
177 2096
178 3493
179 1197
179 2640
180 3381
180 4179
182 4058
183 3329
184 1281
184 4504
185 1951
185 2507
185 3780
185 4715
185 4909
186 4016
187 3405
190 2975
190 3754
191 2568
192 1941
193 1468
193 4790
194 238
194 4106
195 1106
195 1373
196 4496
197 3945
198 993
198 2215
198 3845
199 457
199 2123
200 2595
200 3654
200 4853
201 4799
203 4463
204 215
204 2543
204 3477
205 4505
206 824
206 1192
206 2518
206 3923
207 1878
207 2304
207 2428
207 4698
209 1274
209 1571
209 2534
209 2617
209 2779
210 3564
211 485
212 3242
213 2972
213 3906
213 4690
214 4661
214 4868
215 2085
215 3336
216 4807
217 2455
218 4488
220 4916
221 4215
222 2921
223 4131
224 1168
224 3947
225 2557
226 691
226 2791
226 3805
227 617
227 3704
227 4096
228 3845
229 270
230 2816
231 2579
231 4638
232 3997
232 4538
232 4707
234 2110
234 4775
235 1018
235 1266
235 3297
235 4803
236 839
236 1027
236 3206
236 4433
236 4716
237 614
237 1102
238 3554
238 4405
239 1430
239 2146
240 1214
240 1720
240 4240
240 4384
241 2784
243 964
243 1532
244 883
244 2717
244 4414
245 569
245 855
246 1728
246 4958
246 4983
247 4472
248 1656
249 2812
249 3005
249 3217
249 4343
250 1192
250 2015
250 3756
251 621
251 3546
252 1044
254 1458
254 1485
254 4265
254 4699
255 1222
256 907
256 1385
256 2121
256 3485
257 2200
257 2344
257 3075
257 3254
257 3836
257 4046
258 399
258 464
258 4337
259 478
259 1013
259 1788
259 1968
259 3836
259 4106
259 4736
260 1589
260 4218
261 560
261 1646
261 3464
261 4912
262 675
262 1168
262 1576
262 3109
262 4224
262 4566
263 1622
263 1645
264 777
264 4857
265 2151
266 1203
266 4807
267 2667
268 610
268 1511
268 4779
268 4796
269 310
269 757
269 4078
271 423
271 1711
272 3779
273 2194
273 3407
273 4528
274 2086
275 866
276 1749
277 727
277 3369
277 4887
281 1717
282 1455
282 1933
282 2042
282 4068
282 4602
282 4976
283 2064
283 3850
284 2605
284 3484
285 4248
286 4097
287 3293
288 2781
288 4415
288 4758
289 676
289 2086
289 4799
290 418
290 918
290 2191
292 3519
294 436
294 613
294 841
294 1054
295 3429
295 4192
295 4920
297 774
297 905
298 1054
298 1640
298 2326
298 2825
298 3418
300 2039
301 4463
301 4704
302 3215
303 1201
303 1410
303 4799
304 3738
304 3759
304 4031
305 4525
306 1750
308 1940
308 3391
309 1074
310 4632
311 1252
311 2564
313 1616
313 2235
313 4945
314 2259
314 2641
314 3756
314 4121
315 936
315 1840
316 400
316 2737
316 3685
318 580
318 1542
318 1955
319 2443
319 3696
322 356
322 979
322 2932
322 3112
323 1720
323 2245
323 3238
323 4029
323 4710
324 3277
326 371
326 3831
326 3914
327 774
327 1389
327 3213
328 4821
329 2947
329 4984
330 1385
330 1730
330 2696
330 4644
331 1799
331 4607
332 1149
332 3697
332 4346
332 4998
333 4249
333 4438
334 2226
334 4080
335 1739
335 2483
335 3806
336 569
336 1626
336 3242
336 3495
336 3814
336 4366
337 4320
338 421
338 1379
338 2037
338 2506
338 3530
339 4366
339 4502
340 4046
340 4868
341 4845
343 3681
344 3854
345 1563
346 2844
346 3564
347 508
347 1823
347 3297
348 4647
349 408
349 752
349 1170
349 1558
349 3029
349 3953
351 2281
351 2426
351 3927
352 987
354 2201
354 2768
355 3571
355 3861
356 3875
356 3936
356 4990
357 4437
358 2639
359 3189
359 4158
359 4975
360 1465
360 1810
361 1827
362 3784
363 389
363 1368
363 2063
363 3334
363 4627
363 4774
364 3332
365 1073
365 3792
367 2753
369 2765
369 4793
371 2434
371 2563
371 2825
371 3063
372 3612
374 1801
374 3658
374 3754
375 1697
375 4004
375 4918
376 3766
378 2824
378 4124
379 856
379 4201
380 3238
381 4970
382 930
382 2186
382 2550
382 2898
382 3569
383 943
383 1555
383 1833
384 1383
385 3818
385 3898
386 3919
386 4827
387 3321
387 3731
387 4828
388 1340
388 2874
389 1232
389 3596
389 3880
391 1293
391 2630
393 1224
393 1683
393 3143
394 3762
396 2512
396 4305
396 4343
397 1835
397 4445
398 974
398 4625
399 1385
399 3048
399 4004
400 1292
401 2303
401 3548
402 4354
404 3237
405 613
405 2716
406 4064
406 4835
407 1402
407 1591
407 2024
407 3940
408 1772
408 4550
409 4298
411 1336
411 2776
411 3494
412 913
413 1701
413 3571
415 4550
416 1634
416 4345
416 4909
417 3629
418 560
418 4398
419 1526
419 1663
419 3050
419 4260
420 1875
420 4954
422 2845
423 1318
423 2050
423 3510
423 3828
424 1647
424 2455
424 3725
426 3784
427 2402
427 3116
428 458
428 1253
428 1420
431 3767
431 4950
432 3974
432 4721
433 2197
434 749
434 2855
435 4333
438 471
438 1303
439 898
439 2162
440 944
440 1593
440 2135
441 3196
441 3518
441 3711
442 1170
442 3193
443 3337
445 3891
447 2157
447 3610
447 3814
449 652
449 1863
450 2958
450 4519
451 1643
451 1952
451 2713
452 1934
452 4648
454 787
454 1044
454 3094
454 3523
454 3584
455 2797
455 2800
455 3281
455 4704
456 876
457 614
457 4122
458 3304
459 816
460 1820
460 1927
460 2650
461 1198
461 3759
462 1392
462 2198
463 778
463 810
464 585
464 896
464 2373
464 3860
464 4848
465 478
465 570
465 2323
465 3227
465 4935
465 4988
466 2486
466 2736
466 4892
466 4918
467 3953
467 4211
468 3265
470 4134
470 4318
471 4540
472 1860
474 1664
474 3261
476 1042
476 1317
476 2764
477 3611
477 4837
478 1757
478 1865
478 2016
479 1061
479 4816
480 1751
481 2059
481 3356
481 3704
481 4742
482 1552
483 3240
484 1853
486 1958
486 3378
486 3778
487 3364
487 3377
488 3769
488 4949
490 4155
490 4283
490 4890
492 1499
492 3777
493 974
493 1736
494 742
494 898
494 2965
494 3129
495 834
495 4148
496 1650
497 3366
499 1172
499 1671
499 4746
500 1288
500 2536
500 3189
500 3275
500 3674
501 1070
501 3569
502 2061
502 4177
503 2749
503 3960
504 4805
504 4950
505 2574
505 3467
506 1835
506 3395
507 3260
508 1813
508 2980
508 4461
510 4637
511 4417
512 597
512 1642
512 3374
512 3962
513 4850
514 2422
515 2667
515 4740
516 1391
517 1742
518 1887
519 1134
519 4492
520 1297
520 2941
521 4646
522 891
522 1940
522 4977
523 2159
523 2401
523 2600
523 3661
524 1355
524 1609
525 2159
525 3628
525 4661
526 3397
526 4491
527 3590
527 4797
529 3916
530 4299
531 2771
531 3015
532 3794
533 2495
533 2614
533 2877
536 3788
536 4056
536 4511
537 3527
538 826
538 1179
538 3673
538 4028
539 2967
539 4168
540 1840
541 1009
541 1101
542 1071
542 1652
542 2273
542 2754
542 3156
542 3180
542 4311
542 4686
543 1439
544 1470
544 2709
544 3859
545 1657
545 4167
546 3814
547 2006
547 2539
547 3400
547 4310
548 2210
549 3628
550 1461
550 1496
550 1841
550 4181
551 4984
552 2722
553 789
553 2109
553 2297
553 2533
554 2771
554 4336
555 566
555 1704
555 3112
556 1846
557 1832
558 3969
559 3508
561 674
562 3681
562 4686
562 4899
563 616
563 1204
563 2368
564 2672
564 4945
565 3981
566 4761
570 1467
570 2349
571 1928
572 1958
573 1877
574 1197
574 3864
575 3374
576 1483
576 2894
576 3885
578 1804
578 2963
578 2984
579 2332
579 2424
579 3403
579 3670
579 4285
580 1017
580 3735
580 4868
582 1500
582 4911
583 1878
583 4755
585 4078
586 1950
586 2365
587 3320
587 4662
589 1592
590 1471
590 3155
590 4669
592 951
592 1705
592 2310
592 3057
595 1732
595 3673
595 4094
596 4002
597 1314
597 1315
597 4286
597 4660
598 1780
600 1572
601 1063
601 1168
601 3209
602 2300
602 2466
602 2740
603 943
604 1838
604 3116
605 1032
606 1383
606 2119
607 3737
608 2470
608 3539
609 2740
609 3928
610 2413
610 2574
610 2757
610 3186
610 3540
611 3259
611 4820
613 2559
613 3652
613 4738
614 680
614 1128
614 4731
614 4771
615 1499
615 1700
615 3728
616 2845
620 1924
620 3894
620 4212
622 1882
622 3949
624 1418
624 3111
624 4059
625 2399
625 3539
626 2756
627 1841
627 2711
627 3710
627 4935
628 1132
628 3459
628 4719
629 3421
630 1431
630 3993
630 4131
631 771
631 1611
631 3344
632 3193
634 1141
635 762
635 1408
635 4267
636 1184
636 1801
636 2658
636 3699
636 4110
637 1402
638 913
638 1985
638 3155
638 4211
639 1904
640 3954
640 4033
641 1433
643 1372
645 3925
645 4937
646 2149
646 2224
646 2470
646 4457
647 3847
649 1864
649 4181
650 2231
652 678
652 1547
652 3390
652 4196
653 3044
653 4590
654 2830
654 2905
654 3270
655 872
655 1912
655 2004
655 3824
656 1435
656 4896
657 1807
657 4000
658 2221
659 3684
659 4162
659 4496
659 4648
661 2365
661 4041
661 4094
662 1704
662 2545
663 4437
663 4968
664 2495
664 2506
664 3601
664 3695
664 3799
665 1508
665 2211
666 1895
667 4926
668 1071
668 1589
668 2088
668 3649
669 772
669 2570
669 3180
669 3937
670 1653
670 1670
671 1703
671 2428
671 2599
671 3078
671 3111
672 1357
672 2657
673 1114
674 1897
674 2106
675 4573
676 1626
677 1789
677 2621
677 3734
678 1226
679 4645
680 2816
680 3746
681 2432
682 1426
682 2873
684 2642
685 981
685 2012
686 1236
686 1614
689 2933
689 2945
689 3343
689 4592
690 1721
690 3468
691 3412
691 3740
693 2329
694 1180
694 1887
694 3667
694 4225
694 4513
694 4771
696 1538
696 2835
696 4114
696 4122
697 2761
697 4043
697 4621
697 4939
698 4754
699 2786
700 3777
700 4581
701 1253
702 1317
702 1725
703 1020
703 1553
703 1792
703 2430
703 4031
704 1425
704 4559
705 862
705 1545
706 1452
706 2101
706 4435
706 4972
707 1780
707 2870
707 3245
708 4599
709 901
709 2803
709 3510
709 3996
710 3049
711 1844
712 2713
712 3308
712 4547
713 4856
714 1296
714 1578
714 2161
714 4294
714 4866
715 2246
715 3155
717 855
717 1325
717 1873
717 1930
718 4078
718 4630
718 4946
719 2282
721 1838
721 4923
722 3198
722 4024
723 1038
723 1932
723 2852
724 4274
724 4413
725 3431
725 4723
726 3698
727 2252
727 2966
727 3316
728 843
728 1238
728 1835
729 2740
729 3770
730 1874
731 1268
731 1481
731 2175
731 2950
731 4129
732 3066
733 1479
733 2767
733 4254
734 2429
734 4156
735 4428
737 1174
737 3521
738 1153
738 4266
739 3820
740 1483
740 1525
740 3017
740 4943
741 1278
742 1966
743 1641
743 2752
743 4141
744 2178
745 1186
745 2780
745 3028
746 1794
747 1493
747 1546
747 1608
747 3368
748 2473
748 4075
748 4809
749 1797
749 4000
750 2821
751 3911
752 2808
752 4736
753 754
753 3496
753 4503
754 2195
755 2380
756 3545
757 1427
758 1162
758 2227
758 4520
759 955
759 2665
759 2997
759 3157
760 4717
761 1627
761 3140
762 3969
762 4487
763 3661
764 1596
764 2928
765 3202
766 3985
766 4292
767 2323
767 2738
768 1289
768 2869
768 3944
768 4045
770 1924
771 3523
772 1126
772 1465
772 2869
773 2042
773 2629
774 2125
774 2322
774 2977
775 1008
775 2862
778 2355
779 2481
779 2905
780 1166
780 2333
780 2690
780 3375
780 4987
781 1097
781 2298
782 1693
782 2900
783 1648
783 4912
784 1541
784 1585
784 1877
784 2349
785 3681
786 4766
787 2036
787 4843
788 1365
788 1427
788 1698
791 1005
791 3383
792 2338
792 3233
793 1113
793 4173
794 4103
794 4354
795 2911
796 2959
797 2351
797 3475
798 4822
799 3128
800 4917
801 1525
802 1428
802 1445
802 2105
802 4534
803 1731
804 874
805 3729
805 4055
806 2062
807 1144
808 1499
808 1817
808 4080
809 1606
809 2817
810 4821
813 1865
813 3225
813 4755
814 4531
815 2738
816 1107
816 1577
816 4077
816 4337
817 1541
817 3768
818 2420
818 3916
818 4650
819 4594
820 1291
820 2277
820 4524
822 3557
822 4860
824 3481
824 4528
825 2972
825 3484
825 3766
826 1089
826 1124
827 1988
827 2768
827 3859
828 2221
830 1330
830 3498
830 4853
832 2677
832 3622
833 2553
834 2435
834 4675
835 3206
835 3307
836 4096
838 2536
839 1986
840 3709
841 2040
841 2395
841 2712
842 4026
843 2223
845 3411
845 4525
846 1198
847 1003
847 1222
847 1595
847 2860
848 992
848 2813
848 3136
848 4530
849 1079
849 1878
850 3570
852 3227
854 1759
854 3893
854 4352
855 2346
856 3578
857 4810
858 3268
859 874
859 2266
860 1261
860 2193
860 2653
860 3163
860 4216
861 1001
861 1770
861 2386
861 3221
861 4450
862 1581
862 2926
862 4583
863 2154
863 2648
863 3159
863 3607
863 4540
864 3464
866 2685
867 1391
867 1787
867 2422
868 2722
869 2636
869 3152
869 3339
870 2442
870 3661
871 1947
872 1556
872 1663
872 4181
872 4587
873 2272
875 2509
875 3541
876 1437
876 2729
879 4933
881 3790
882 1205
882 1323
882 3180
882 4071
883 896
884 2015
885 1566
885 2292
885 4234
885 4372
885 4527
886 1054
886 3139
887 970
887 1185
887 1269
887 2760
887 3248
888 2203
888 3529
889 3324
889 4229
890 4287
891 2714
891 4586
891 4803
893 2578
893 4417
894 2208
895 1522
895 2366
895 4857
897 1849
897 3399
898 2336
900 2551
900 2584
900 3173
900 3851
901 2319
903 2620
903 4094
904 3091
904 4139
904 4933
905 3765
906 2139
907 1073
907 1623
907 1760
907 2722
907 3169
908 1767
909 1299
910 2312
910 4744
911 1570
912 2948
913 2576
913 2903
914 2251
914 3140
914 4063
915 1139
915 1536
916 1116
916 2142
918 2099
918 3170
918 4922
919 1496
920 2768
920 3523
921 2162
921 3417
922 1853
922 2130
926 1380
926 2366
926 4241
927 2712
928 1321
928 4169
928 4451
929 2711
929 3875
929 4825
930 2364
930 3783
930 4377
931 1093
931 4150
932 1868
932 4626
934 3209
934 3328
936 1425
936 2603
936 3969
937 3014
938 1401
939 1488
940 1374
940 2526
941 1500
941 3001
941 3347
941 4198
943 2350
943 3337
944 2524
944 4963
945 2743
946 3599
947 3254
948 1433
948 3293
948 3336
948 4568
949 2646
949 3241
950 1107
950 2260
951 2009
952 1149
952 3599
953 2798
954 1777
954 3878
955 3737
956 4467
957 4989
958 3646
958 4672
959 3458
959 3929
961 1012
961 1179
962 1020
963 1448
964 2150
966 2901
968 1296
968 3123
969 1702
970 1157
970 1265
971 1309
971 1954
972 1239
972 2449
972 3815
972 4287
973 1137
973 1685
973 3629
973 4773
974 3652
975 1997
975 2961
975 3241
976 2091
979 1051
979 1852
979 2041
979 4628
980 1959
980 4498
980 4630
980 4773
981 3285
982 3924
982 4604
983 1589
983 1829
984 1597
984 1849
984 3652
984 4215
984 4963
985 2427
985 4494
985 4787
986 2261
986 4742
987 3071
987 3467
988 1004
988 2581
990 3293
991 1057
991 3288
991 4020
992 1377
992 3617
993 4690
994 2499
995 1868
996 1810
996 3254
996 3356
996 4378
998 1584
998 3678
998 4251
999 2967
1000 1386
1000 2131
1000 4593
1001 1816
1001 2235
1001 2253
1001 2577
1001 2772
1002 1189
1003 2934
1003 4448
1004 1085
1004 1926
1004 1968
1004 3426
1005 4698
1006 3342
1007 4673
1009 1132
1009 2283
1010 3912
1011 1303
1011 2499
1011 4785
1013 2176
1013 2875
1015 1633
1015 3648
1016 3932
1018 3147
1018 4602
1019 1883
1019 2653
1019 3313
1020 1449
1020 2426
1021 1409
1022 3446
1022 3599
1023 2538
1023 2673
1023 4128
1024 1872
1025 1217
1025 3105
1026 1333
1026 3224
1027 2310
1027 2906
1027 3733
1027 4510
1028 3052
1028 4398
1029 3349
1029 4485
1030 2291
1032 1755
1032 2472
1032 2552
1033 2871
1033 3441
1034 2684
1034 3366
1035 1858
1035 2645
1036 2017
1036 4700
1037 4445
1038 4798
1040 4379
1044 3694
1044 3842
1045 1744
1046 1165
1046 4978
1048 2470
1048 2933
1049 3150
1050 2381
1050 2742
1051 1993
1051 4937
1052 1582
1055 3111
1055 3782
1056 2622
1056 3972
1057 1674
1057 2348
1057 3969
1058 2819
1058 4291
1059 1351
1060 3053
1060 4934
1061 2933
1061 3331
1062 1696
1062 3061
1063 1327
1063 3421
1063 4156
1063 4962
1064 4781
1066 1558
1066 1931
1067 1203
1067 4274
1070 2813
1070 3344
1070 3416
1071 1424
1071 3706
1074 2236
1075 2359
1075 3693
1076 4394
1077 1899
1077 2300
1077 3808
1078 3800
1079 4307
1083 3586
1083 4116
1083 4178
1084 3653
1084 3920
1085 3444
1085 3654
1085 4392
1086 1248
1086 4248
1087 2296
1087 3503
1087 4195
1087 4833
1088 4048
1089 1291
1089 3246
1089 4078
1090 4633
1091 2568
1091 4079
1092 3769
1092 4218
1092 4439
1093 2074
1093 3047
1094 1477
1094 1781
1094 2213
1094 3314
1094 4627
1096 1984
1096 3695
1097 3067
1098 1590
1098 1702
1099 2391
1099 3465
1099 4879
1100 4525
1101 2771
1101 4460
1102 2611
1103 1671
1103 2369
1103 3318
1103 3873
1104 3710
1105 1455
1105 1530
1105 1714
1106 2476
1107 3909
1109 2299
1110 1948
1110 2430
1111 1195
1111 4083
1111 4686
1113 1604
1113 3245
1113 3476
1114 3038
1115 2869
1116 1448
1117 4212
1117 4220
1118 2579
1118 4379
1120 1344
1120 1622
1121 2824
1122 3412
1123 1127
1124 4788
1125 3535
1126 4317
1127 2458
1128 4161
1129 1371
1131 2664
1132 4303
1133 1987
1134 1161
1139 2272
1139 2274
1139 4371
1140 1820
1141 1331
1141 1898
1141 2045
1141 4997
1143 4208
1145 2060
1145 4577
1145 4683
1145 4837
1146 2671
1146 3760
1148 2170
1148 2685
1150 3014
1150 4159
1150 4671
1151 3199
1152 3298
1152 4178
1153 1867
1153 2005
1154 3116
1154 4796
1156 4422
1157 2123
1157 3353
1157 4633
1158 1254
1159 4232
1160 2277
1161 1931
1162 3131
1163 2476
1164 1334
1164 2384
1166 2111
1166 4469
1167 1840
1167 2657
1167 4309
1168 3661
1169 1682
1170 1583
1170 2011
1171 1407
1171 2315
1171 3867
1171 3954
1171 4473
1172 2027
1172 3766
1173 1443
1173 1632
1173 2372
1173 4429
1174 2410
1174 3889
1174 4684
1175 1607
1175 2257
1176 1472
1176 2162
1176 3407
1178 2460
1178 2851
1179 2435
1180 1251
1180 2571
1181 3660
1181 3923
1182 1295
1182 1874
1182 3194
1183 1637
1183 2636
1183 3922
1187 2734
1187 2885
1187 3339
1188 1824
1188 4168
1190 2190
1190 2751
1190 3739
1190 4262
1192 2493
1192 3414
1192 4094
1192 4306
1193 2394
1194 1447
1194 3485
1195 1884
1195 2653
1196 3498
1197 1701
1198 4002
1199 1586
1200 4696
1201 4853
1204 2266
1204 2565
1204 3488
1205 2790
1205 3308
1205 4033
1206 1457
1206 2280
1206 2313
1206 3605
1206 4844
1206 4860
1207 1487
1208 1573
1208 2702
1208 4611
1210 2094
1210 2172
1210 3830
1210 4333
1211 1470
1211 2886
1211 3379
1212 2080
1213 2626
1213 2782
1213 3600
1214 1825
1214 3687
1215 2422
1216 1949
1216 3489
1217 1639
1217 4604
1219 2977
1220 3522
1223 4666
1224 3177
1225 1723
1225 4488
1226 4373
1227 4950
1229 1910
1229 2860
1229 3649
1229 4452
1230 2440
1231 1329
1231 4010
1232 4745
1232 4780
1233 3444
1233 3623
1234 3562
1235 1270
1235 2148
1235 3043
1236 1262
1236 1624
1236 2263
1236 4340
1237 2808
1238 2623
1239 2614
1240 2407
1241 1526
1241 2705
1242 1676
1242 1705
1242 4126
1243 1522
1250 3415
1251 1294
1251 1410
1251 2682
1251 3047
1252 1574
1252 2941
1252 3405
1252 4108
1254 1374
1254 2045
1256 2044
1256 3505
1256 4080
1256 4566
1256 4864
1256 4897
1257 4492
1258 2955
1258 3729
1259 3079
1259 4964
1260 1696
1260 4264
1261 2384
1262 2324
1262 4464
1263 3496
1264 2039
1265 1577
1265 2543
1265 3512
1266 4069
1266 4107
1266 4453
1267 1755
1267 2482
1267 2580
1267 3224
1267 4956
1268 3473
1270 1414
1271 3488
1271 3801
1272 2489
1272 3496
1273 1503
1273 3345
1274 2835
1274 3156
1274 4895
1275 2422
1275 4792
1276 4695
1277 2199
1278 3333
1278 3512
1278 3778
1279 2800
1279 3680
1280 3167
1282 2984
1283 1924
1283 2789
1284 1657
1284 2527
1284 3207
1284 4365
1284 4936
1287 4010
1288 3484
1290 3567
1291 2556
1291 4893
1292 3425
1292 3760
1292 4704
1293 2203
1294 1375
1294 3596
1294 4763
1295 1635
1295 1838
1295 4973
1296 3178
1296 4403
1296 4450
1297 2243
1301 4432
1303 3026
1303 3155
1303 4121
1304 2661
1304 4755
1305 2410
1305 3446
1305 3596
1306 4352
1306 4431
1307 3717
1308 1756
1308 2106
1308 2334
1308 2673
1308 2700
1309 3360
1309 3680
1310 2460
1310 4699
1311 2158
1312 2419
1313 4179
1313 4953
1314 3372
1316 2712
1317 1341
1323 1868
1324 3334
1324 3933
1324 4169
1324 4383
1325 4626
1326 1930
1326 4766
1327 1698
1327 3682
1328 3802
1328 4238
1329 1617
1329 1876
1329 3780
1331 2890
1331 2994
1332 1346
1332 2023
1332 2177
1332 3437
1332 3761
1333 4053
1333 4068
1334 1771
1334 2112
1334 2590
1337 2824
1337 4510
1339 4672
1340 3232
1341 2485
1342 2183
1342 2718
1342 3723
1343 1473
1344 1346
1344 4724
1345 1591
1345 2067
1345 2196
1345 3749
1345 3779
1345 4835
1346 4845
1347 3690
1348 1626
1348 2898
1348 3677
1349 3254
1351 4588
1351 4655
1352 3068
1353 1794
1353 1909
1353 2935
1353 3701
1355 1482
1355 4333
1356 1493
1356 1920
1356 3784
1356 4525
1356 4661
1357 1836
1357 2700
1358 1575
1360 1373
1362 2507
1362 2827
1362 2854
1364 3998
1364 4914
1366 3021
1367 1970
1368 3351
1368 4600
1368 4800
1369 1398
1369 1978
1369 3766
1369 3844
1370 4055
1371 3599
1371 4694
1372 3398
1372 3484
1373 4968
1374 3092
1374 3690
1374 4372
1374 4428
1376 1906
1376 3321
1376 4518
1377 1580
1377 3389
1379 2910
1379 4059
1379 4088
1379 4412
1380 1597
1380 4378
1382 2493
1382 3198
1382 3323
1382 4052
1383 2498
1385 1796
1385 2560
1385 3107
1386 1968
1386 3355
1386 4073
1387 3198
1387 3806
1389 1613
1389 3960
1391 4310
1392 2727
1392 3297
1392 4099
1393 1541
1393 3981
1394 3697
1394 4817
1395 2723
1395 2965
1395 4023
1395 4700
1398 1456
1398 1819
1398 2212
1398 2302
1398 2352
1398 2507
1398 2941
1398 3395
1399 3448
1402 4060
1403 2978
1403 4636
1404 4694
1405 3234
1405 4173
1407 4015
1408 2778
1408 3283
1408 3463
1409 2230
1409 3310
1410 1584
1411 4570
1413 1699
1413 2477
1413 4502
1413 4761
1413 4844
1415 3566
1415 3708
1416 3972
1417 2614
1419 1993
1419 2050
1419 2306
1419 3077
1420 2313
1421 2106
1421 4258
1423 3826
1424 2811
1424 4119
1428 1924
1429 2010
1430 3707
1431 3706
1432 3607
1432 3932
1432 4874
1433 2855
1433 4660
1434 3587
1434 4514
1435 3695
1436 3587
1436 3677
1437 3605
1440 1956
1440 3046
1440 4663
1441 4603
1441 4926
1443 1586
1443 4601
1445 2536
1445 3363
1447 2404
1447 3486
1447 4331
1448 2744
1449 2506
1449 4005
1451 2544
1451 2655
1452 3758
1452 4661
1453 1827
1453 2911
1454 2108
1455 3308
1455 4175
1456 1587
1456 3062
1457 1740
1457 3720
1459 4493
1460 3344
1461 4051
1461 4433
1462 4392
1464 2756
1464 4781
1465 1525
1465 1626
1465 3251
1465 4412
1466 2095
1466 2575
1466 4211
1466 4462
1467 2294
1468 3319
1468 4112
1469 3511
1470 2277
1470 4883
1471 2863
1471 4103
1471 4166
1475 2727
1476 3066
1476 3634
1476 4429
1477 1717
1478 2064
1478 2664
1478 2783
1479 1727
1479 3343
1479 3582
1479 4031
1479 4485
1480 1505
1480 2877
1480 3242
1481 1546
1481 2824
1481 4498
1482 2638
1482 3929
1484 4473
1485 3143
1485 3545
1485 4134
1486 4352
1487 4127
1487 4490
1488 3840
1489 3035
1490 2807
1491 1749
1492 3050
1493 1689
1493 1746
1493 2717
1494 4450
1495 1582
1496 2736
1496 3115
1496 4041
1497 1846
1497 3132
1497 3956
1497 4001
1497 4424
1498 2133
1498 3592
1498 4970
1499 2637
1500 1855
1500 2318
1500 3883
1502 3337
1502 3796
1503 2283
1503 4749
1505 3565
1506 1745
1506 4784
1507 2657
1507 3933
1507 4223
1508 1523
1509 1529
1509 3003
1510 4529
1511 1877
1511 4545
1512 3796
1512 4886
1513 1703
1514 3756
1515 4992
1517 3593
1518 2415
1519 1861
1519 4877
1521 1581
1521 4981
1522 2242
1522 4308
1524 1648
1524 1759
1524 3156
1525 4149
1526 2901
1527 1982
1527 2793
1528 3585
1528 3946
1528 4374
1529 1778
1529 3959
1530 1651
1532 2290
1532 3786
1533 3717
1533 3745
1533 4102
1534 1794
1534 3113
1535 1785
1535 4858
1536 2953
1536 3140
1538 2283
1538 3784
1538 4331
1539 4272
1540 1642
1540 2153
1540 2394
1540 3565
1540 4687
1541 4994
1542 3228
1542 3419
1542 3716
1543 3274
1543 4306
1543 4620
1543 4990
1544 1759
1544 3512
1544 4936
1546 2506
1547 2776
1548 1938
1551 2696
1551 3166
1553 2732
1553 4037
1553 4093
1553 4503
1554 2276
1554 3200
1554 4158
1555 2868
1555 3240
1556 1746
1557 3463
1557 4054
1558 1586
1558 1910
1558 2960
1559 2442
1560 3813
1561 3174
1561 4322
1562 4915
1565 1709
1565 4457
1566 3507
1566 3948
1568 3157
1570 3660
1571 1701
1571 2017
1574 2784
1576 4175
1577 2139
1577 3118
1577 3739
1577 4788
1578 1873
1578 4135
1579 3432
1579 4989
1580 3991
1582 3275
1582 4245
1583 3703
1583 4820
1584 3161
1586 1758
1586 3794
1586 4832
1587 3318
1589 2140
1589 2475
1589 3770
1590 2251
1590 2741
1590 4613
1591 2803
1592 3297
1595 3004
1595 3362
1595 3766
1595 3771
1595 4362
1596 2449
1596 3710
1596 3746
1598 1863
1598 4357
1599 2166
1599 3398
1599 4771
1601 2068
1601 4075
1602 2551
1602 3655
1603 4604
1604 4556
1606 3567
1606 3913
1607 2186
1607 2222
1609 2465
1610 2862
1610 3856
1611 3457
1612 2950
1612 4703
1613 2616
1614 2104
1614 2488
1615 1856
1615 2852
1615 4193
1616 4285
1617 2946
1618 1909
1618 4133
1619 4930
1620 4196
1621 2382
1621 2841
1622 4827
1623 2464
1624 2579
1624 3560
1624 3633
1625 2149
1625 2531
1625 4668
1626 4544
1627 2320
1627 3097
1629 2510
1629 4340
1630 3154
1630 3369
1631 2252
1632 3294
1632 4562
1636 2364
1636 3264
1636 4571
1636 4645
1637 3439
1638 1777
1638 1836
1638 2068
1640 2806
1641 3926
1641 4406
1641 4477
1642 2888
1643 2717
1643 4899
1644 2231
1645 4200
1645 4476
1646 1659
1649 1965
1649 2225
1649 3452
1649 4976
1650 1666
1650 2961
1650 4774
1653 1880
1655 4089
1656 1660
1656 2633
1661 1972
1662 2370
1662 4526
1662 4654
1662 4686
1663 1712
1664 2020
1664 3912
1666 2820
1667 3873
1669 2973
1669 3743
1670 2048
1670 2394
1670 3779
1671 2052
1671 3556
1672 3960
1673 2834
1673 4005
1673 4416
1675 2621
1676 2422
1676 3164
1677 3868
1677 4555
1678 1804
1678 3353
1678 4469
1679 4810
1680 2961
1681 1996
1682 3234
1682 3485
1683 2715
1683 2843
1683 3573
1684 3784
1685 2284
1685 2606
1687 4421
1688 3195
1688 3472
1688 4027
1689 2354
1689 2451
1691 3293
1692 2577
1693 3085
1694 3601
1694 3863
1694 4372
1695 1817
1696 2400
1696 4672
1696 4682
1697 1915
1697 2871
1698 3606
1699 2842
1699 4110
1699 4241
1701 4529
1702 2002
1702 2179
1702 2192
1702 4303
1702 4855
1703 2232
1703 3736
1705 1898
1706 2100
1706 4205
1708 2954
1709 1753
1709 4112
1710 4653
1711 3568
1711 4323
1713 4166
1713 4469
1713 4484
1714 1939
1716 3087
1716 3451
1717 3263
1717 3974
1717 4579
1718 2629
1719 4141
1720 2346
1721 3115
1725 2166
1725 3816
1726 3704
1726 4050
1727 2225
1727 2620
1728 4193
1728 4542
1731 2059
1731 2147
1733 3802
1733 3974
1734 1971
1735 3720
1735 4178
1736 2729
1737 2240
1740 4452
1741 3007
1741 4629
1742 2577
1742 2983
1742 3815
1743 2940
1743 4238
1744 2747
1745 3688
1746 2161
1746 2538
1747 4273
1748 3254
1749 2302
1749 2796
1750 2080
1750 3356
1751 3906
1751 3934
1751 4026
1754 3760
1757 4777
1758 2087
1759 4232
1760 4015
1760 4363
1761 1827
1761 3573
1763 3645
1765 2810
1765 3938
1766 4795
1767 4333
1768 4679
1769 1986
1769 3649
1770 3310
1770 3432
1771 4349
1772 2959
1772 3331
1772 4616
1773 4844
1774 4641
1775 3716
1775 4585
1776 3224
1776 3762
1776 3822
1776 4868
1777 2532
1777 2743
1777 4447
1779 3375
1779 4745
1781 3108
1782 3618
1783 3487
1783 3638
1785 2451
1785 2537
1785 3657
1785 4420
1785 4430
1788 2601
1788 2853
1788 3854
1789 3364
1793 2986
1793 3494
1794 2291
1794 3129
1794 3665
1794 4466
1795 1844
1795 2758
1795 4292
1795 4436
1795 4644
1795 4940
1796 3178
1799 1802
1799 3811
1800 3217
1801 2500
1802 3877
1803 2112
1804 3549
1804 4639
1806 1901
1807 2248
1809 3366
1810 3049
1811 2513
1811 4034
1812 4932
1813 2947
1813 4653
1814 3871
1815 3404
1815 3449
1815 3953
1817 2852
1817 2872
1817 4610
1818 3858
1819 3518
1819 4591
1820 2765
1823 2724
1826 2211
1826 2575
1828 4994
1829 3624
1830 3775
1830 4578
1831 2217
1832 3433
1832 4322
1833 3106
1833 4656
1834 4899
1834 4945
1835 2491
1835 4160
1836 2389
1837 4756
1838 4203
1838 4433
1840 2311
1840 4286
1841 3787
1842 2081
1842 2414
1842 2698
1843 2650
1843 2876
1844 3981
1845 3077
1846 4955
1847 2352
1848 2184
1848 3581
1849 4292
1850 1904
1850 2422
1851 2993
1851 3587
1851 3990
1852 4373
1852 4382
1853 2794
1853 3611
1853 3694
1855 4942
1856 3331
1856 4993
1857 2194
1857 2205
1858 1921
1858 3985
1859 3152
1862 2886
1863 3502
1864 4658
1865 2160
1866 2303
1866 2693
1866 2877
1867 2311
1867 4261
1868 2675
1868 3198
1869 2076
1869 3283
1871 3559
1873 1881
1873 4489
1874 2016
1874 4947
1875 2479
1877 3563
1878 3720
1879 2759
1881 3514
1882 2128
1882 2340
1882 4325
1883 3360
1884 3230
1884 3611
1885 2769
1885 2813
1886 2797
1886 4742
1887 1981
1887 3983
1887 4614
1888 4652
1888 4882
1889 3001
1890 4648
1894 2640
1895 1978
1896 2467
1896 2928
1897 4430
1898 4639
1899 2384
1900 3900
1901 2457
1904 3304
1904 4499
1906 4201
1907 4974
1908 4708
1911 2992
1911 3620
1911 3895
1911 4520
1911 4751
1913 2518
1914 2182
1914 2244
1914 2496
1914 3976
1915 2053
1915 2641
1917 4209
1917 4829
1918 4655
1923 2933
1924 2883
1924 4464
1925 4117
1925 4664
1926 2681
1926 2921
1926 4887
1928 3437
1929 3007
1931 3694
1932 2341
1932 3955
1935 2544
1935 4458
1936 3667
1937 3389
1937 4858
1940 3372
1941 4202
1942 2842
1943 2209
1943 2270
1943 2650
1943 4428
1944 4389
1945 3026
1945 3038
1945 4903
1946 3142
1946 4801
1947 2922
1948 3047
1948 3362
1948 3534
1949 2113
1950 2167
1950 2278
1950 4219
1953 2501
1955 4037
1956 4109
1956 4226
1956 4403
1957 3074
1958 4181
1958 4872
1959 2577
1960 4610
1961 4586
1962 2487
1963 2529
1964 3971
1965 2066
1965 2302
1965 4215
1965 4414
1966 2524
1970 3453
1970 4517
1971 2801
1973 3458
1974 2311
1974 4653
1976 2796
1976 4398
1977 3049
1978 3153
1978 3342
1979 2258
1980 4626
1981 4133
1982 2626
1983 3210
1986 4989
1987 4450
1988 2099
1988 2627
1989 2553
1989 4335
1989 4705
1990 3968
1990 4113
1991 2017
1993 2978
1995 4040
1996 3168
1997 2881
1998 2349
1999 2080
2000 3376
2000 3630
2000 3704
2001 4414
2002 2436
2002 3792
2002 4434
2003 2610
2004 4573
2007 3622
2009 4331
2010 4229
2010 4500
2010 4656
2013 3286
2014 2489
2017 4303
2018 2277
2018 4088
2020 3959
2020 4368
2021 4475
2023 4105
2024 2856
2024 3514
2025 2126
2026 2404
2026 4435
2027 2838
2027 4560
2029 3142
2030 3036
2030 3881
2031 4330
2032 3126
2033 2974
2034 2991
2036 4084
2037 4008
2038 3054
2038 3234
2038 4859
2039 2422
2041 3167
2041 3751
2042 4615
2042 4873
2044 2262
2044 2340
2044 4096
2044 4748
2045 4002
2045 4626
2048 2344
2048 3757
2048 4351
2049 2401
2050 2425
2050 2738
2050 3449
2050 3515
2051 4859
2053 3940
2053 4989
2054 3359
2055 2349
2055 3787
2057 2151
2057 4645
2058 3080
2059 3868
2060 3214
2060 4118
2062 3847
2063 4721
2063 4755
2064 4514
2065 2449
2066 2172
2066 4067
2067 3164
2067 4220
2068 3914
2068 3987
2069 3243
2069 4422
2071 3798
2073 2797
2074 3957
2077 3951
2078 3789
2079 4189
2080 2931
2080 3638
2083 2866
2085 4332
2086 4579
2087 3854
2090 2162
2091 2172
2093 3068
2094 3676
2094 3842
2095 3793
2095 4993
2096 2870
2096 4141
2098 2666
2098 3305
2100 2313
2103 2326
2103 4367
2104 2966
2105 3219
2106 2857
2107 3930
2108 3389
2108 4545
2110 4592
2112 3538
2113 3932
2113 4583
2114 3681
2114 3755
2115 2377
2115 3716
2115 4579
2115 4621
2115 4863
2116 4300
2120 2917
2120 2934
2123 3938
2124 3213
2128 3139
2128 3312
2128 4202
2130 2462
2130 4069
2130 4406
2133 2914
2134 3801
2134 4227
2135 3137
2135 3397
2135 4507
2138 2220
2138 3988
2138 4293
2138 4951
2139 4923
2140 3524
2141 2340
2141 2900
2144 2169
2144 2681
2144 3389
2146 4312
2147 4110
2149 3561
2149 3973
2150 3126
2150 3300
2151 2584
2151 4410
2153 2667
2153 4734
2154 3775
2155 3707
2156 2761
2156 4409
2157 4247
2160 3297
2161 4795
2163 4740
2165 4178
2166 2757
2167 3111
2167 4544
2168 4047
2168 4507
2169 4733
2169 4959
2173 3349
2173 3446
2175 3652
2176 2871
2176 4174
2178 4716
2181 2331
2182 2679
2182 4903
2184 3029
2184 4783
2189 3094
2189 4002
2190 4161
2192 2740
2192 4663
2192 4874
2193 4382
2194 4395
2197 2335
2197 4011
2198 2371
2198 2651
2200 3649
2200 4830
2200 4951
2202 3030
2202 4512
2203 2996
2205 2627
2207 3403
2207 3529
2207 4560
2208 2555
2209 4997
2210 3541
2211 3956
2211 4261
2212 3063
2213 4911
2214 2780
2214 3500
2218 2976
2219 4525
2219 4975
2220 2904
2221 4179
2224 4387
2224 4926
2228 4743
2229 2380
2230 2316
2230 2489
2232 3997
2233 2402
2233 2979
2238 2405
2239 2770
2245 4060
2246 4876
2247 4707
2248 4307
2249 4038
2250 3555
2251 4874
2252 4123
2253 3023
2253 3293
2253 4027
2255 4879
2258 3192
2259 3800
2261 2352
2261 3778
2261 3869
2261 4386
2262 3720
2262 3941
2263 3275
2263 4239
2264 3567
2264 4886
2266 4535
2267 3121
2267 4294
2267 4434
2273 3303
2276 4822
2277 4943
2278 4008
2278 4284
2278 4548
2279 3053
2279 3197
2279 3546
2280 4373
2280 4452
2283 4694
2286 2590
2287 3395
2289 3782
2291 4372
2292 2916
2292 3670
2292 4137
2294 4176
2294 4520
2295 3200
2296 4691
2297 3491
2297 3664
2297 4305
2298 3849
2302 2827
2304 3260
2304 3697
2304 4694
2305 3025
2309 4354
2310 4217
2312 3032
2312 3379
2312 3676
2312 4119
2313 4543
2315 3717
2315 4986
2316 2366
2317 3485
2319 3017
2320 3545
2322 4999
2323 3890
2324 2857
2324 2983
2325 2453
2325 3031
2326 3383
2327 4791
2328 2487
2329 2933
2329 3990
2331 4309
2332 3445
2333 3075
2333 3294
2335 3419
2335 4636
2339 3560
2339 4478
2340 2906
2340 3202
2340 4478
2341 2691
2341 3050
2343 4349
2345 2912
2346 2464
2346 4625
2347 2715
2347 3152
2348 2848
2348 3355
2348 4210
2349 3582
2352 4931
2354 2721
2354 3270
2355 3344
2356 3001
2356 3064
2357 2444
2358 3343
2358 4932
2359 2549
2359 4672
2359 4939
2360 2506
2360 3542
2361 4648
2363 3379
2365 3363
2365 3469
2365 4674
2365 4941
2367 2583
2369 4243
2370 3117
2370 3988
2371 3616
2372 4288
2372 4409
2373 3087
2373 3409
2375 2949
2376 2638
2376 3260
2376 4884
2381 3312
2382 4942
2383 4619
2384 2965
2384 4607
2386 2411
2386 3580
2386 4715
2387 4971
2388 2803
2388 3596
2388 3940
2389 4211
2390 3974
2390 4590
2394 3258
2394 4756
2397 3179
2398 3887
2399 3240
2402 2902
2402 3562
2402 3911
2403 3765
2404 2407
2405 2750
2406 2535
2407 4929
2408 4002
2411 2941
2411 3237
2411 4457
2412 4460
2413 3618
2413 4467
2414 2882
2414 3739
2416 2431
2417 4273
2418 4780
2419 3487
2419 3955
2420 3657
2420 4454
2421 2581
2422 3442
2422 3872
2423 2670
2427 2841
2428 2473
2428 3049
2429 3582
2429 4127
2430 4059
2431 3766
2434 4651
2435 3564
2435 3857
2436 4479
2438 3566
2439 3035
2440 4059
2441 3234
2442 4160
2442 4697
2443 3303
2443 4631
2444 2844
2444 3056
2444 3975
2445 3482
2445 3545
2445 4267
2447 4888
2451 2988
2451 3113
2451 4478
2452 3808
2453 3583
2453 3798
2454 2972
2455 4811
2456 2759
2460 3567
2460 3952
2461 2911
2461 4693
2462 3755
2464 3529
2465 2575
2466 4794
2467 4667
2468 3414
2468 3727
2469 4213
2469 4761
2470 3413
2472 3281
2473 3351
2473 3564
2473 4511
2476 4049
2476 4127
2476 4950
2479 2927
2480 3971
2481 3766
2483 4182
2484 3361
2484 4256
2485 2775
2486 4133
2486 4655
2487 2734
2487 3500
2487 4393
2488 2880
2488 4602
2491 3121
2492 2618
2493 3478
2493 3544
2495 4490
2496 4083
2497 2520
2497 4690
2499 4291
2499 4801
2500 4103
2501 2880
2501 2979
2501 3788
2501 4263
2502 3649
2503 2832
2503 4427
2504 3984
2504 4825
2505 2652
2505 3205
2506 3741
2510 3240
2511 3231
2511 3313
2511 4856
2512 4629
2514 2712
2515 4704
2516 4248
2517 3116
2518 2747
2521 4372
2522 2525
2522 4322
2522 4385
2523 4520
2524 4341
2527 3655
2528 3277
2528 4106
2530 2564
2530 4794
2531 4765
2532 3942
2534 4018
2537 4405
2538 3805
2541 2800
2541 4270
2542 4115
2544 2819
2546 2725
2548 3302
2548 4812
2549 4211
2553 3249
2553 3323
2553 4472
2554 4309
2555 3589
2555 4053
2560 4509
2561 2693
2561 3519
2561 3861
2562 3541
2562 3677
2563 4335
2564 3905
2565 3934
2565 4934
2566 2796
2566 3405
2567 4654
2568 4190
2570 4868
2571 2795
2572 4795
2573 4904
2574 3489
2576 4013
2577 3793
2578 3004
2578 3247
2578 3983
2581 2942
2582 4606
2583 3084
2586 2738
2586 4580
2586 4832
2588 4387
2588 4926
2589 4753
2590 4108
2592 4729
2594 3965
2594 4041
2595 4877
2596 3100
2596 3134
2596 3425
2597 2911
2597 3034
2597 4937
2598 4126
2599 3315
2601 4784
2601 4816
2603 3215
2605 2720
2607 4244
2608 2971
2609 3233
2609 3771
2610 3916
2611 3290
2612 2671
2612 4331
2613 4504
2619 4366
2622 3593
2623 3751
2626 4242
2627 3637
2628 2830
2629 3010
2629 3437
2629 4641
2630 3378
2630 3739
2634 2758
2634 2969
2634 3731
2635 3524
2636 3629
2637 4631
2639 3616
2641 4606
2642 3924
2649 3852
2649 3876
2650 3819
2650 4251
2652 4576
2652 4929
2654 3118
2654 4899
2657 3610
2657 4386
2659 2801
2661 2976
2662 3761
2663 3292
2667 3533
2667 3562
2667 4148
2669 4242
2670 3540
2674 2713
2674 3072
2677 4207
2677 4500
2680 4117
2685 3057
2685 3664
2685 3735
2686 2896
2686 3010
2686 4478
2688 3723
2690 3405
2690 4070
2692 4441
2693 3327
2693 4572
2694 2733
2694 3027
2695 4575
2695 4922
2697 3410
2698 4020
2698 4027
2698 4416
2699 4412
2699 4923
2700 3034
2700 4347
2700 4692
2702 2986
2702 3626
2702 4500
2703 2838
2704 3562
2704 4152
2708 2737
2710 2932
2711 3732
2712 4984
2713 4109
2713 4253
2718 4717
2719 3501
2720 4292
2721 3720
2722 3469
2722 4124
2722 4727
2723 2733
2724 3502
2725 4091
2725 4379
2726 4778
2729 4661
2730 3961
2732 4304
2732 4390
2734 3764
2735 3516
2735 4285
2736 4581
2738 2740
2738 2814
2739 3925
2741 3528
2743 2830
2748 3836
2752 4294
2753 4826
2754 3543
2755 4245
2755 4886
2756 4188
2756 4489
2758 2857
2758 3326
2758 3492
2759 4033
2760 3405
2761 3899
2763 3541
2764 4135
2765 4519
2770 3428
2770 4197
2770 4993
2771 4904
2773 4697
2773 4829
2775 4474
2776 4693
2779 3689
2780 3571
2780 4969
2781 3969
2782 3724
2782 4569
2785 3846
2786 4108
2787 3080
2789 4533
2790 4926
2791 3438
2791 3718
2792 4291
2794 4964
2795 3112
2799 4608
2799 4626
2801 4058
2801 4445
2802 2819
2802 2998
2802 3550
2802 4476
2803 4335
2804 2812
2804 3120
2804 3723
2804 4973
2807 2836
2807 2840
2807 2935
2807 4141
2810 3586
2813 3789
2814 3271
2815 3178
2818 3460
2818 3997
2819 3444
2820 4654
2821 3803
2821 3810
2821 3876
2822 4598
2823 3558
2826 4913
2827 4641
2830 4080
2834 4008
2835 4828
2840 4912
2841 3319
2841 3865
2841 4066
2842 4425
2843 3137
2843 3741
2844 3472
2847 4340
2848 4130
2849 3558
2849 4088
2852 3310
2857 3920
2861 3007
2862 3717
2862 3734
2862 4081
2864 3640
2868 3403
2868 3532
2869 3775
2869 3945
2870 2952
2872 3851
2872 4695
2873 2950
2873 4014
2873 4623
2873 4967
2875 3752
2875 4149
2876 3041
2876 3126
2878 3141
2878 4295
2878 4889
2881 4661
2883 4834
2883 4850
2884 4676
2887 2962
2888 3337
2892 4964
2893 3535
2893 4971
2895 3167
2898 4617
2899 3794
2900 2906
2900 4428
2902 4576
2903 4639
2903 4980
2904 4933
2905 3488
2905 4230
2906 4727
2907 3217
2907 3424
2907 4908
2908 4126
2909 3348
2909 4620
2910 3740
2913 2982
2913 3772
2915 4529
2915 4888
2916 3218
2917 3119
2917 4588
2918 3887
2919 3309
2919 3931
2919 4334
2923 4107
2925 4356
2926 2950
2926 4229
2926 4314
2927 3173
2927 3613
2928 3590
2928 3788
2929 4927
2930 3256
2932 3321
2932 4531
2934 3833
2936 4137
2937 4306
2939 3825
2940 3382
2941 4015
2942 4350
2945 3863
2945 4343
2946 3538
2946 4336
2948 4152
2949 3906
2953 4410
2954 3123
2954 3861
2954 4568
2955 3798
2956 3080
2956 4895
2957 3050
2960 4121
2962 4066
2963 3145
2964 4646
2966 4224
2967 3288
2967 4935
2972 4745
2972 4971
2974 3896
2977 3237
2978 3119
2980 4483
2981 3312
2981 3572
2982 3562
2982 3810
2982 4175
2986 3388
2986 4445
2987 3992
2988 3245
2988 3268
2988 4244
2988 4556
2988 4693
2989 4149
2991 4770
2992 3987
2994 3227
2995 4097
2997 4102
2999 4587
3000 4491
3001 4332
3002 3110
3003 3652
3006 3847
3008 3836
3011 4080
3011 4089
3012 4069
3012 4952
3013 3094
3013 3652
3015 3448
3016 3685
3017 3170
3017 4366
3017 4542
3018 3743
3019 4811
3020 4498
3022 3666
3025 4405
3026 4483
3030 3947
3033 4111
3036 3048
3036 3149
3037 4209
3038 4294
3038 4804
3039 3195
3039 3680
3040 4227
3040 4996
3041 3841
3042 3625
3044 3256
3046 3905
3046 4972
3047 3492
3048 3433
3048 4134
3050 3565
3051 4568
3052 4956
3053 3529
3054 3905
3055 3600
3055 4413
3058 3349
3058 4552
3060 3988
3062 4724
3063 3877
3063 4313
3064 4366
3066 3097
3066 3648
3067 4724
3070 3680
3071 4198
3074 4415
3075 4781
3076 3275
3079 4799
3082 3610
3082 3659
3082 3893
3084 4890
3087 4103
3090 4007
3093 3956
3093 4218
3095 3551
3097 4756
3098 4055
3104 3820
3104 4262
3105 4328
3107 4010
3108 3786
3110 3324
3111 3939
3111 4020
3111 4476
3112 4484
3113 3159
3115 4330
3117 4148
3117 4671
3118 3805
3119 3327
3121 3453
3122 4682
3125 3550
3125 4151
3128 4590
3129 4151
3129 4432
3131 3231
3131 4520
3131 4895
3133 3149
3133 4421
3137 4302
3140 4493
3142 4694
3143 3155
3143 4569
3144 4097
3145 4525
3146 3167
3147 3661
3148 4287
3150 3242
3151 4859
3153 3399
3154 3631
3154 3821
3156 4060
3157 4114
3160 3484
3160 4861
3162 4645
3163 4498
3166 4004
3167 4662
3168 3259
3168 3459
3170 3733
3172 4943
3173 4079
3173 4583
3176 3423
3178 4563
3179 4581
3181 3308
3181 3692
3183 4916
3185 4043
3186 4706
3187 4748
3188 4421
3188 4435
3190 4595
3192 3920
3193 4791
3197 3683
3198 3944
3199 3290
3199 3924
3200 3498
3200 4900
3205 3640
3206 4127
3207 3371
3208 3568
3208 4977
3210 3338
3211 3938
3211 4875
3214 3674
3215 3396
3215 4440
3219 4253
3222 4251
3223 3417
3225 4115
3225 4428
3225 4792
3226 3748
3231 3627
3236 4461
3238 4419
3239 3977
3246 3394
3246 3407
3246 4131
3247 3460
3248 4716
3248 4944
3250 3313
3251 3369
3252 3707
3254 4991
3255 3707
3256 4338
3257 4041
3257 4600
3257 4684
3258 3797
3259 4600
3260 3718
3263 3571
3263 4466
3263 4583
3264 3903
3264 4154
3265 3362
3265 4544
3266 3793
3268 4547
3268 4628
3269 4921
3273 3361
3273 4348
3277 3976
3281 3676
3282 3878
3284 4248
3284 4742
3285 4730
3287 4543
3288 3626
3289 4768
3291 4675
3292 4074
3294 3920
3294 4046
3294 4358
3296 3547
3296 4678
3297 4809
3297 4847
3300 4089
3302 3851
3302 4516
3302 4616
3303 4680
3304 3442
3304 3513
3306 4360
3306 4395
3307 4734
3308 3364
3309 4815
3311 3635
3311 3707
3311 4047
3316 3523
3318 4857
3319 3622
3322 3987
3323 4244
3324 3574
3325 4319
3325 4401
3326 3820
3332 4604
3332 4945
3334 4873
3335 4032
3336 3809
3336 4754
3340 3943
3341 3350
3341 4800
3344 3358
3346 4011
3346 4087
3347 3393
3348 4832
3352 4075
3352 4551
3352 4646
3352 4746
3353 4621
3354 4893
3355 4101
3355 4479
3355 4855
3357 4981
3359 3513
3360 4810
3363 4353
3365 4379
3365 4664
3366 4375
3369 4145
3370 4623
3371 4560
3372 3618
3373 4002
3380 3720
3380 3929
3380 4480
3383 3703
3384 4106
3388 3562
3390 3944
3390 4473
3391 3463
3391 3620
3392 3806
3392 3965
3393 4827
3398 3854
3400 3757
3401 3476
3401 3868
3402 3867
3404 3753
3405 4392
3406 4537
3407 3876
3411 3749
3411 4705
3418 4884
3419 4972
3422 3476
3422 3715
3425 4388
3428 4704
3428 4753
3429 3595
3434 3822
3435 4125
3438 4435
3439 3763
3448 4501
3450 3835
3451 3934
3452 3621
3454 3707
3455 4474
3458 4142
3461 4707
3462 4533
3465 4110
3465 4623
3466 3921
3466 4557
3466 4792
3470 4324
3471 4186
3472 4588
3473 3823
3476 4070
3477 4406
3479 4433
3480 4849
3483 3516
3485 4304
3486 4562
3489 4951
3490 4118
3490 4435
3492 3623
3493 4078
3494 3875
3494 4894
3498 4852
3499 4799
3502 4204
3502 4292
3502 4657
3504 4637
3505 4132
3508 4844
3509 3799
3513 3953
3513 3984
3515 4229
3520 3710
3520 4008
3520 4318
3522 4210
3522 4363
3523 4706
3525 4924
3528 4481
3529 4640
3529 4799
3531 4185
3531 4484
3537 4097
3543 4281
3545 3793
3548 4500
3555 3951
3557 4477
3558 3740
3558 4718
3559 4250
3560 3864
3561 3923
3561 4200
3561 4644
3562 4320
3563 4527
3563 4813
3563 4999
3564 4938
3565 3871
3566 3655
3566 4905
3567 3741
3568 4947
3569 4739
3570 4774
3570 4873
3571 4694
3572 3786
3573 4287
3574 4114
3574 4182
3579 4086
3579 4947
3580 4678
3582 3688
3585 4858
3587 3913
3588 4080
3590 4787
3592 4007
3593 4126
3594 4174
3595 4404
3598 4948
3599 4105
3599 4770
3600 4466
3602 4285
3602 4907
3603 4107
3605 3702
3607 3931
3609 3701
3609 4300
3612 4193
3616 4968
3617 3761
3617 4038
3620 4821
3621 4327
3631 4190
3631 4808
3632 4267
3632 4578
3633 4820
3638 4896
3648 4239
3654 4731
3660 4178
3661 3887
3663 4695
3663 4696
3663 4709
3666 3703
3667 4121
3667 4692
3672 4460
3674 3749
3679 4145
3682 4913
3683 4218
3684 4643
3684 4874
3693 4839
3694 4264
3694 4737
3694 4878
3696 4326
3698 4256
3698 4344
3700 4473
3707 4155
3707 4363
3708 4713
3709 3877
3709 4443
3714 3996
3715 4374
3715 4509
3717 4250
3718 4748
3720 4912
3721 4658
3722 3960
3724 4742
3725 3975
3726 4752
3730 4913
3731 4873
3733 3842
3734 4892
3736 4162
3739 4352
3744 3923
3744 4121
3747 4697
3750 3879
3751 3813
3751 4844
3756 3968
3757 3863
3762 4638
3765 4133
3768 4506
3770 4133
3771 4240
3775 4539
3776 3817
3777 3870
3777 4723
3778 3894
3779 4720
3781 3823
3782 4801
3783 3885
3787 4747
3790 3928
3791 4771
3792 4181
3793 4930
3795 4691
3795 4917
3800 4551
3801 3962
3802 4197
3802 4205
3805 4691
3807 4393
3810 4917
3811 4889
3814 4343
3814 4363
3815 4045
3815 4746
3827 4207
3827 4371
3828 3958
3835 4879
3837 4099
3842 3861
3843 3950
3843 4126
3845 3891
3845 4062
3846 4470
3848 4227
3853 4173
3854 4947
3857 3859
3857 3954
3860 3900
3861 4610
3865 4262
3866 4625
3867 4361
3869 4918
3873 4923
3874 3936
3882 4791
3886 4567
3886 4882
3891 4734
3894 4873
3896 4166
3898 3917
3899 4034
3900 4164
3901 4566
3903 4935
3904 4051
3904 4521
3907 4064
3911 4317
3917 4351
3920 4951
3923 4947
3925 4649
3926 4141
3928 4047
3934 4373
3935 4548
3936 4748
3939 4682
3943 4298
3945 4119
3948 4273
3951 4253
3955 4591
3957 4190
3957 4611
3960 4881
3961 4514
3963 4934
3965 4543
3968 4224
3971 4107
3973 4637
3978 4861
3987 4624
3990 4865
3999 4592
4001 4662
4006 4231
4006 4796
4009 4315
4011 4950
4016 4744
4017 4250
4018 4192
4020 4783
4026 4697
4028 4841
4031 4236
4032 4078
4039 4960
4040 4136
4048 4835
4052 4505
4053 4440
4056 4431
4059 4387
4060 4488
4061 4166
4071 4172
4071 4437
4074 4262
4074 4667
4080 4479
4088 4568
4100 4372
4101 4480
4102 4143
4102 4738
4103 4164
4108 4755
4108 4789
4118 4431
4121 4485
4122 4454
4124 4382
4128 4337
4132 4211
4132 4695
4134 4804
4136 4437
4136 4767
4145 4726
4146 4375
4147 4541
4151 4418
4151 4491
4154 4842
4162 4803
4163 4867
4164 4689
4165 4911
4166 4344
4166 4935
4169 4888
4175 4638
4187 4930
4188 4784
4190 4250
4191 4196
4192 4688
4200 4517
4207 4755
4208 4912
4209 4648
4212 4430
4218 4534
4218 4719
4230 4373
4234 4297
4234 4526
4234 4876
4237 4979
4239 4656
4241 4911
4242 4360
4242 4526
4242 4667
4245 4970
4254 4601
4255 4771
4262 4273
4264 4277
4265 4347
4269 4963
4273 4418
4276 4549
4276 4991
4277 4699
4279 4313
4280 4958
4282 4897
4285 4846
4287 4586
4293 4955
4296 4655
4297 4758
4305 4375
4306 4357
4306 4559
4309 4839
4313 4651
4323 4673
4330 4690
4335 4933
4336 4397
4338 4697
4347 4860
4348 4983
4350 4847
4353 4885
4357 4929
4358 4702
4359 4852
4365 4545
4367 4442
4367 4870
4369 4560
4371 4884
4385 4584
4387 4587
4388 4988
4389 4830
4393 4681
4396 4548
4406 4888
4407 4571
4408 4479
4408 4996
4413 4530
4414 4840
4417 4554
4419 4925
4422 4509
4423 4429
4426 4897
4439 4755
4442 4469
4443 4749
4452 4899
4471 4590
4477 4511
4503 4973
4504 4509
4518 4827
4519 4918
4526 4788
4533 4883
4539 4727
4549 4969
4551 4607
4556 4956
4570 4602
4587 4775
4590 4591
4599 4731
4605 4689
4607 4958
4614 4963
4617 4862
4624 4907
4629 4888
4632 4798
4634 4731
4645 4963
4650 4784
4652 4961
4655 4858
4689 4997
4691 4832
4694 4888
4708 4930
4731 4937
4752 4993
4753 4844
4765 4820
4769 4791
4783 4976
4792 4944
4795 4830
4834 4873
4849 4868
4865 4918
4877 4977
4882 4915
4926 4943
4943 4992
4975 4990
