0 314
1 387
2 493
3 92
3 133
4 152
4 433
7 183
9 131
11 152
13 212
13 311
15 46
15 254
16 146
16 414
17 64
18 385
18 428
19 70
19 146
19 467
20 23
20 447
21 161
21 230
21 372
21 422
22 205
22 210
22 372
22 405
23 112
23 205
23 216
24 25
24 443
24 497
26 51
26 64
26 79
26 137
26 291
26 298
26 404
27 202
28 180
29 188
29 286
29 287
30 464
30 478
31 245
31 424
32 56
32 277
32 366
33 281
34 46
34 51
34 120
34 176
34 240
37 96
37 230
38 90
38 343
39 261
39 330
39 441
39 469
40 128
40 167
40 202
40 472
41 191
41 269
41 298
42 372
43 158
43 452
44 205
46 314
46 460
46 483
47 221
47 257
48 160
49 381
50 406
50 411
50 429
51 348
52 74
52 364
53 395
54 124
54 475
55 179
55 220
55 231
55 251
57 169
58 176
59 348
60 65
62 69
62 102
62 210
64 140
64 497
65 343
65 372
65 449
66 194
66 221
66 304
66 389
68 451
70 446
71 167
71 257
72 379
73 101
73 160
73 338
73 412
73 434
75 120
75 425
76 84
76 170
76 280
76 310
77 225
78 83
78 351
78 389
79 141
80 208
80 225
80 386
81 207
81 416
82 165
83 374
87 337
87 410
88 235
88 308
89 135
89 312
89 320
91 275
92 139
92 425
92 486
94 386
95 254
95 340
96 164
96 479
97 492
98 414
98 490
99 188
99 463
100 325
102 453
103 423
104 154
104 203
104 210
105 367
106 445
107 392
108 479
109 174
110 192
110 220
110 427
111 245
111 390
113 170
113 418
114 427
114 433
115 153
115 177
115 482
116 211
116 369
117 126
117 256
118 273
119 273
120 197
121 154
121 301
121 404
122 158
122 214
123 375
123 434
124 356
125 379
125 412
126 142
126 348
126 362
127 491
127 492
129 370
131 367
131 382
133 184
133 334
133 360
134 396
135 333
135 372
135 495
136 230
136 410
136 488
139 226
139 230
140 302
144 253
144 398
145 347
145 433
146 182
146 274
146 330
147 164
147 489
148 167
148 484
149 219
151 432
153 192
153 243
153 303
154 247
154 448
155 407
155 489
156 228
157 407
158 203
158 236
158 471
158 495
160 294
160 489
162 328
163 295
163 341
163 375
163 468
163 476
164 311
167 437
167 478
168 343
168 416
169 331
171 405
172 259
172 431
173 179
173 416
173 423
173 498
174 310
175 279
176 358
176 482
177 363
177 473
178 476
179 228
179 372
180 279
180 314
181 346
181 447
182 403
184 283
184 354
185 283
186 190
186 262
186 346
187 386
187 391
188 314
188 473
189 263
190 227
191 456
191 488
193 344
194 238
194 421
195 229
195 257
195 305
195 402
196 236
196 442
196 486
197 258
198 209
198 467
199 447
201 258
201 270
201 315
202 306
203 403
203 441
204 380
205 256
205 268
207 363
209 421
210 393
211 353
211 495
212 247
212 359
212 373
213 285
213 298
213 451
214 232
216 260
217 272
218 351
219 293
220 308
223 301
223 432
223 455
225 458
226 323
226 335
228 270
228 306
228 385
230 391
230 433
230 452
231 454
232 258
232 328
232 382
233 288
234 329
234 331
234 494
235 425
235 471
236 344
236 393
237 344
237 386
237 468
238 348
239 255
239 411
241 356
241 387
241 446
243 244
245 269
245 468
248 310
249 269
252 455
254 382
255 263
255 265
255 305
256 396
257 466
258 330
259 394
262 303
262 451
265 458
268 322
268 499
272 360
273 332
274 370
275 410
276 427
280 462
281 467
281 475
282 327
283 478
285 347
285 480
285 485
286 426
286 478
288 389
289 336
290 305
290 308
290 345
292 333
293 346
293 485
295 369
297 376
298 370
300 370
300 489
302 450
303 482
305 451
306 395
308 367
308 447
309 360
311 347
313 452
313 471
314 345
314 392
315 379
316 327
319 324
319 368
319 414
323 331
324 497
327 405
327 406
327 469
328 489
329 343
329 405
329 411
330 343
330 417
333 449
334 440
334 478
335 357
335 400
338 447
340 422
340 481
342 412
342 463
344 360
344 419
347 484
348 473
349 493
350 467
353 360
353 470
354 394
355 469
359 390
359 424
362 480
364 465
367 368
369 443
376 466
378 431
378 452
378 458
382 386
386 442
387 493
389 429
393 494
395 444
396 430
397 482
397 483
401 465
415 460
417 469
428 463
435 479
442 497
443 461
444 468
445 466
445 469
