0 3
0 33
0 71
0 128
0 155
0 204
0 257
0 284
0 332
0 337
0 412
0 413
0 415
0 436
0 498
1 8
1 31
1 34
1 53
1 56
1 57
1 142
1 159
1 164
1 189
1 192
1 221
1 272
1 288
1 338
1 349
1 401
1 443
1 459
1 488
2 54
2 133
2 137
2 159
2 178
2 198
2 295
2 300
2 326
2 348
2 351
2 389
2 463
2 489
3 40
3 92
3 99
3 163
3 172
3 178
3 195
3 250
3 319
3 320
3 335
3 389
4 5
4 53
4 69
4 76
4 81
4 91
4 111
4 151
4 155
4 166
4 297
4 304
4 355
4 391
4 453
4 471
5 37
5 51
5 57
5 78
5 80
5 100
5 104
5 167
5 190
5 224
5 326
5 344
5 350
5 357
5 405
5 440
5 470
5 484
6 18
6 65
6 82
6 104
6 132
6 138
6 175
6 264
6 329
6 338
6 454
6 476
6 488
6 489
7 23
7 34
7 36
7 55
7 57
7 178
7 211
7 222
7 242
7 251
7 270
7 287
7 342
7 475
7 485
8 15
8 68
8 101
8 110
8 142
8 156
8 214
8 289
8 316
8 324
8 340
8 353
8 366
8 395
8 399
8 458
8 461
8 466
8 488
8 491
9 72
9 154
9 160
9 203
9 261
9 334
9 363
9 400
9 419
9 480
10 50
10 167
10 205
10 221
10 256
10 332
10 377
10 395
10 486
11 13
11 71
11 208
11 211
11 222
11 224
11 227
11 254
11 283
11 286
11 333
11 354
11 395
11 398
11 404
11 415
12 47
12 82
12 117
12 207
12 224
12 229
12 250
12 260
12 272
12 277
12 343
12 351
12 355
12 386
12 396
12 443
12 446
12 471
12 474
13 22
13 24
13 70
13 113
13 132
13 136
13 227
13 273
13 300
13 307
13 309
13 330
13 368
13 378
13 415
14 53
14 83
14 98
14 110
14 135
14 191
14 228
14 292
14 313
14 316
14 333
14 334
14 341
14 365
14 373
15 16
15 19
15 79
15 98
15 130
15 132
15 189
15 213
15 260
15 273
15 300
15 317
15 344
15 441
15 450
15 488
16 29
16 60
16 66
16 68
16 197
16 228
16 255
16 282
16 292
16 338
16 346
16 472
16 491
17 30
17 101
17 133
17 139
17 142
17 165
17 240
17 272
17 276
17 329
17 331
17 376
17 414
17 427
17 460
18 105
18 131
18 132
18 195
18 231
18 240
18 288
18 305
18 324
18 341
18 355
18 389
18 408
18 414
19 50
19 73
19 75
19 135
19 148
19 189
19 193
19 298
19 381
19 418
19 426
19 439
19 481
20 39
20 62
20 69
20 84
20 102
20 103
20 113
20 139
20 177
20 186
20 232
20 259
20 273
20 311
20 320
20 329
20 410
21 61
21 77
21 79
21 80
21 96
21 120
21 130
21 154
21 160
21 168
21 175
21 198
21 240
21 252
21 267
21 278
21 279
21 308
21 406
21 450
21 483
22 79
22 104
22 139
22 145
22 154
22 155
22 201
22 216
22 218
22 245
22 253
22 284
22 291
22 301
22 336
22 356
22 380
22 417
22 447
22 489
23 65
23 108
23 118
23 145
23 185
23 223
23 265
23 276
23 375
23 399
23 439
23 465
24 61
24 129
24 240
24 259
24 303
24 310
24 425
24 475
24 494
25 40
25 51
25 56
25 78
25 128
25 129
25 136
25 141
25 187
25 228
25 260
25 355
25 371
25 438
25 441
25 455
25 476
25 491
26 70
26 125
26 163
26 254
26 263
26 293
26 329
26 410
26 418
26 421
26 451
26 487
27 52
27 90
27 117
27 121
27 169
27 179
27 194
27 228
27 232
27 235
27 236
27 265
27 331
27 351
27 364
27 415
27 422
28 40
28 59
28 169
28 172
28 194
28 200
28 227
28 228
28 266
28 313
28 327
28 360
28 370
29 45
29 79
29 88
29 112
29 199
29 201
29 260
29 326
29 403
29 416
29 436
29 489
29 497
30 51
30 85
30 129
30 149
30 180
30 207
30 220
30 242
30 261
30 309
30 317
30 349
30 383
30 385
30 393
30 402
31 32
31 116
31 156
31 160
31 226
31 237
31 285
31 287
31 305
31 321
31 330
31 338
31 344
31 376
31 400
31 408
31 410
31 415
31 469
32 36
32 45
32 64
32 83
32 128
32 160
32 204
32 220
32 234
32 290
32 313
32 323
32 349
32 354
32 391
32 400
32 419
32 474
32 491
33 57
33 72
33 78
33 98
33 101
33 162
33 189
33 203
33 209
33 222
33 227
33 287
33 291
33 331
33 395
33 396
33 411
34 71
34 123
34 129
34 138
34 177
34 179
34 180
34 193
34 199
34 244
34 317
34 375
34 395
34 407
34 437
34 445
34 475
34 487
34 495
34 496
34 497
34 499
35 82
35 239
35 489
36 79
36 115
36 129
36 177
36 242
36 313
36 350
36 400
36 425
36 450
37 52
37 78
37 93
37 100
37 122
37 123
37 164
37 166
37 186
37 267
37 279
37 292
37 307
37 365
37 392
37 405
37 439
37 459
37 472
38 49
38 96
38 97
38 128
38 171
38 230
38 255
38 318
38 454
38 456
38 474
38 488
38 499
39 40
39 52
39 57
39 79
39 130
39 159
39 190
39 192
39 289
39 315
39 493
40 56
40 76
40 90
40 118
40 168
40 180
40 186
40 188
40 216
40 237
40 268
40 308
40 342
40 350
40 408
40 415
40 428
41 42
41 94
41 124
41 150
41 173
41 209
41 270
41 342
41 377
41 421
41 449
41 453
42 51
42 88
42 106
42 107
42 120
42 165
42 173
42 177
42 181
42 182
42 236
42 258
42 349
42 380
42 390
42 415
42 447
42 467
43 44
43 68
43 100
43 145
43 230
43 292
43 333
43 336
43 337
43 360
43 391
43 453
44 87
44 134
44 243
44 253
44 259
44 292
44 293
44 340
44 371
44 376
44 417
44 429
44 442
44 449
45 48
45 76
45 142
45 151
45 163
45 166
45 196
45 212
45 214
45 223
45 224
45 257
45 265
45 306
45 441
45 493
46 48
46 59
46 69
46 93
46 145
46 167
46 182
46 232
46 262
46 266
46 323
46 339
46 343
46 362
46 364
46 370
46 399
46 409
46 447
46 475
46 487
47 130
47 132
47 147
47 174
47 214
47 249
47 250
47 311
47 315
47 317
47 336
47 381
47 412
47 445
47 478
48 60
48 70
48 126
48 196
48 220
48 222
48 232
48 236
48 268
48 275
48 287
48 333
48 367
48 376
48 466
48 473
48 485
49 69
49 121
49 159
49 194
49 198
49 202
49 312
49 321
49 333
49 386
49 391
49 415
49 434
49 439
49 446
49 469
50 68
50 88
50 139
50 196
50 216
50 234
50 274
50 294
50 357
50 487
51 66
51 84
51 95
51 127
51 135
51 137
51 159
51 181
51 185
51 254
51 277
51 335
51 347
51 365
51 391
51 410
51 433
51 458
51 468
51 486
52 114
52 124
52 126
52 150
52 197
52 210
52 321
52 374
52 395
53 66
53 74
53 126
53 127
53 300
53 322
53 399
53 413
53 423
53 432
53 442
53 492
54 75
54 123
54 135
54 171
54 174
54 194
54 235
54 386
54 395
54 398
54 452
55 119
55 167
55 178
55 188
55 203
55 229
55 231
55 239
55 243
55 248
55 276
55 302
55 389
55 390
55 417
55 479
55 498
56 61
56 82
56 235
56 271
56 292
56 351
56 365
56 376
56 402
56 470
56 478
57 97
57 109
57 117
57 182
57 210
57 254
57 256
57 257
57 268
57 281
57 300
57 312
57 320
57 323
57 330
57 350
57 364
57 493
58 74
58 104
58 177
58 207
58 310
58 312
58 339
58 360
58 391
58 440
58 452
59 81
59 90
59 106
59 123
59 154
59 165
59 235
59 264
59 303
59 342
59 382
59 390
59 409
59 470
60 75
60 89
60 123
60 182
60 214
60 216
60 222
60 235
60 266
60 271
60 370
60 408
60 427
60 495
61 128
61 143
61 154
61 169
61 202
61 217
61 319
61 328
61 330
61 333
61 366
61 413
61 416
61 483
62 85
62 97
62 101
62 185
62 202
62 227
62 246
62 256
62 306
62 356
62 443
63 75
63 79
63 85
63 93
63 267
63 271
63 277
63 278
63 314
63 343
63 361
63 371
63 393
63 398
63 427
63 452
63 455
63 494
64 76
64 86
64 372
64 376
64 408
64 412
64 430
64 440
64 456
64 461
65 75
65 100
65 162
65 165
65 218
65 239
65 245
65 265
65 303
65 368
65 387
65 412
65 428
65 439
65 494
66 108
66 116
66 120
66 140
66 163
66 187
66 237
66 271
66 339
66 367
66 390
66 412
66 437
66 476
67 74
67 123
67 149
67 158
67 193
67 220
67 239
67 254
67 267
67 295
67 304
67 307
67 329
67 387
67 393
67 463
67 473
67 482
68 99
68 164
68 202
68 204
68 207
68 266
68 349
68 368
68 370
68 382
68 391
68 428
68 438
68 494
69 85
69 102
69 142
69 152
69 208
69 229
69 242
69 296
69 315
69 339
69 369
69 370
69 398
69 477
70 82
70 99
70 118
70 129
70 163
70 223
70 240
70 255
70 336
70 356
70 428
70 433
70 476
70 478
71 73
71 75
71 92
71 102
71 167
71 239
71 289
71 371
71 383
71 387
71 411
71 483
71 492
72 81
72 134
72 141
72 145
72 148
72 206
72 234
72 242
72 246
72 291
72 306
72 366
72 397
72 403
72 408
72 414
72 433
72 442
72 459
72 461
72 463
72 467
72 487
73 75
73 186
73 318
73 324
73 392
73 449
74 105
74 114
74 136
74 143
74 156
74 175
74 296
74 306
74 324
74 341
74 381
74 392
74 395
74 401
75 86
75 102
75 113
75 153
75 173
75 207
75 228
75 230
75 299
75 307
75 319
75 327
75 370
75 373
75 440
75 459
75 484
76 110
76 112
76 123
76 138
76 180
76 305
76 329
76 356
76 360
76 375
76 391
76 408
76 473
76 490
77 83
77 89
77 105
77 150
77 180
77 247
77 288
77 301
77 327
77 359
77 447
77 453
77 490
77 499
78 96
78 110
78 174
78 180
78 212
78 273
78 319
78 361
78 367
78 416
78 422
78 445
78 474
78 477
78 488
79 203
79 260
79 275
79 280
79 300
79 307
79 313
79 328
79 339
79 341
79 344
79 380
79 427
79 433
79 453
79 495
80 86
80 102
80 108
80 123
80 181
80 214
80 217
80 312
80 329
80 424
80 473
80 477
80 481
81 104
81 105
81 173
81 242
81 249
81 287
81 298
81 302
81 306
81 341
81 427
81 485
82 203
82 234
82 245
82 263
82 267
82 289
82 306
82 324
82 352
82 391
82 466
82 470
82 473
83 175
83 185
83 203
83 204
83 300
83 313
83 319
83 355
83 387
83 420
83 439
83 455
83 488
84 133
84 172
84 203
84 218
84 235
84 243
84 244
84 268
84 307
84 387
84 392
84 452
84 455
84 456
84 465
84 471
84 488
85 136
85 166
85 191
85 202
85 232
85 257
85 274
85 319
85 336
85 359
85 360
85 460
85 470
86 106
86 186
86 188
86 324
86 361
86 369
86 419
86 445
86 463
87 92
87 103
87 120
87 191
87 206
87 267
87 293
87 313
87 337
87 401
87 412
87 417
87 436
87 459
87 497
88 89
88 96
88 139
88 187
88 264
88 295
88 312
88 325
88 362
88 400
88 411
88 423
88 466
88 469
89 137
89 179
89 225
89 241
89 245
89 247
89 350
89 363
89 383
89 455
89 491
90 147
90 151
90 168
90 191
90 199
90 221
90 233
90 249
90 278
90 280
90 432
90 435
90 441
90 456
90 498
91 94
91 100
91 134
91 138
91 142
91 233
91 260
91 273
91 306
91 373
91 375
91 427
91 467
92 114
92 186
92 229
92 275
92 431
92 440
92 457
92 493
93 97
93 114
93 135
93 149
93 203
93 218
93 224
93 229
93 249
93 274
93 361
93 367
93 473
94 111
94 117
94 121
94 133
94 146
94 161
94 164
94 259
94 298
94 332
94 364
94 373
94 401
94 429
94 486
95 150
95 162
95 206
95 240
95 243
95 292
95 338
95 340
95 385
95 387
95 434
95 492
96 139
96 149
96 180
96 190
96 194
96 220
96 231
96 252
96 279
96 325
96 339
96 393
96 406
96 415
96 445
96 490
97 107
97 169
97 178
97 195
97 217
97 317
97 351
97 382
97 384
97 413
97 428
97 432
97 447
98 140
98 146
98 220
98 243
98 250
98 262
98 308
98 392
98 400
98 404
98 416
98 422
98 447
98 465
98 491
99 101
99 104
99 127
99 133
99 158
99 175
99 213
99 220
99 239
99 278
99 279
99 301
99 329
99 378
99 398
99 424
99 461
99 488
100 126
100 207
100 222
100 228
100 252
100 308
100 350
100 358
100 433
100 446
100 455
100 466
101 102
101 105
101 134
101 224
101 226
101 246
101 267
101 352
101 375
101 384
101 487
102 111
102 133
102 184
102 195
102 286
102 287
102 310
102 321
102 355
102 388
102 408
102 410
102 421
103 142
103 150
103 186
103 232
103 380
103 386
103 412
103 480
103 499
104 157
104 163
104 223
104 253
104 270
104 373
104 408
104 411
104 425
104 469
104 481
105 157
105 197
105 228
105 292
105 295
105 399
105 422
105 451
105 460
106 111
106 116
106 117
106 175
106 194
106 215
106 274
106 338
106 420
106 463
106 472
106 481
106 482
107 185
107 268
107 272
107 277
107 285
107 292
107 354
107 377
107 416
107 446
107 483
107 486
107 496
108 154
108 190
108 302
108 313
108 374
108 423
108 474
109 111
109 118
109 157
109 182
109 239
109 243
109 315
109 367
109 417
109 418
109 424
109 461
109 497
110 143
110 158
110 290
110 314
110 316
110 338
110 373
110 407
110 424
110 477
110 488
111 141
111 151
111 214
111 215
111 218
111 229
111 322
111 326
111 407
112 125
112 143
112 166
112 224
112 239
112 240
112 263
112 285
112 295
112 316
112 326
112 384
112 388
112 396
112 406
112 437
112 450
112 485
113 115
113 123
113 359
113 377
113 397
113 400
113 444
113 453
113 457
113 495
114 178
114 295
114 299
114 331
114 335
114 352
114 360
114 478
115 128
115 144
115 160
115 165
115 226
115 245
115 247
115 267
115 294
115 303
115 306
115 327
115 337
115 365
115 374
115 417
115 423
115 427
115 431
115 439
116 160
116 162
116 164
116 179
116 195
116 205
116 220
116 274
116 300
116 314
116 358
116 368
116 379
116 462
116 499
117 137
117 166
117 169
117 209
117 292
117 300
117 336
117 339
117 342
117 355
117 359
117 362
117 365
117 391
117 496
118 127
118 138
118 194
118 203
118 228
118 273
118 285
118 339
118 376
118 446
118 472
118 478
119 161
119 223
119 276
119 330
119 377
119 388
119 426
119 465
119 479
119 486
120 137
120 192
120 211
120 220
120 233
120 265
120 278
120 281
120 283
120 330
120 353
120 439
120 458
120 460
121 245
121 290
121 316
121 349
121 398
121 416
121 430
121 459
122 184
122 188
122 208
122 262
122 289
122 343
122 367
122 370
122 422
122 454
122 491
123 210
123 214
123 236
123 271
123 272
123 284
123 303
123 337
123 407
123 445
123 464
124 200
124 250
124 299
124 328
124 330
124 340
124 355
124 407
124 422
124 426
124 438
124 450
124 460
124 464
125 133
125 159
125 166
125 167
125 180
125 193
125 212
125 232
125 236
125 237
125 280
125 350
125 352
125 370
125 387
125 402
125 404
125 425
125 453
126 157
126 176
126 248
126 277
126 316
126 318
126 320
126 341
126 394
126 423
127 174
127 307
127 315
127 321
127 357
127 366
127 368
127 404
127 481
127 499
128 176
128 182
128 212
128 241
128 245
128 259
128 268
128 405
128 422
128 471
129 183
129 209
129 210
129 257
129 272
129 278
129 295
129 370
129 414
129 485
130 153
130 156
130 174
130 178
130 202
130 206
130 286
130 298
130 309
130 310
130 353
130 429
130 447
130 459
130 469
130 478
131 142
131 268
131 319
131 326
131 402
131 408
131 439
131 489
132 202
132 229
132 290
132 356
132 357
132 379
132 409
132 417
132 438
132 463
132 482
132 492
133 160
133 167
133 170
133 201
133 245
133 282
133 285
133 345
133 361
133 443
133 452
133 453
133 487
134 208
134 218
134 220
134 229
134 244
134 250
134 273
134 279
134 299
134 367
134 372
134 393
134 447
134 489
135 303
135 318
135 333
135 369
135 373
135 389
135 438
135 479
135 485
136 206
136 236
136 273
136 282
136 303
136 355
136 389
136 432
136 469
137 241
137 248
137 255
137 261
137 321
137 369
137 395
137 404
137 410
138 366
138 405
138 414
139 144
139 184
139 203
139 209
139 289
139 295
139 300
139 320
139 489
139 493
140 223
140 227
140 233
140 274
140 277
140 287
140 304
140 320
140 328
140 347
140 373
140 402
140 429
140 476
141 145
141 201
141 215
141 228
141 256
141 277
141 291
141 296
141 311
141 364
141 390
141 429
141 479
142 163
142 236
142 247
142 249
142 290
142 294
142 311
142 328
142 335
142 402
142 412
142 431
142 445
142 466
142 483
143 174
143 213
143 216
143 266
143 277
143 310
143 353
143 363
143 460
144 154
144 164
144 165
144 174
144 200
144 271
144 368
144 375
144 386
144 394
144 427
144 458
144 484
145 155
145 159
145 167
145 188
145 217
145 220
145 284
145 345
145 420
145 421
145 423
145 435
145 438
145 464
145 486
146 186
146 192
146 231
146 263
146 326
146 333
146 398
146 407
146 422
146 423
147 157
147 170
147 184
147 186
147 214
147 235
147 251
147 254
147 256
147 285
147 372
147 374
147 422
147 429
148 150
148 155
148 161
148 275
148 283
148 298
148 307
148 361
148 383
148 385
148 410
148 433
148 443
148 460
148 475
149 315
149 326
149 329
149 353
149 355
149 384
149 397
149 431
149 471
149 483
149 484
150 182
150 190
150 232
150 292
150 314
150 330
150 368
150 399
150 426
150 437
150 471
151 157
151 191
151 192
151 235
151 307
151 340
151 360
151 371
151 375
151 455
152 207
152 224
152 325
152 331
152 394
152 420
152 441
152 451
152 453
152 457
152 497
153 208
153 291
153 293
153 304
153 456
154 157
154 202
154 216
154 226
154 331
154 397
154 413
154 479
154 481
155 189
155 195
155 197
155 217
155 219
155 273
155 297
155 315
155 422
155 424
155 458
155 486
155 490
156 163
156 206
156 243
156 257
156 260
156 309
156 319
156 321
156 393
156 494
157 169
157 210
157 222
157 229
157 231
157 256
157 318
157 323
157 351
157 363
157 378
157 456
157 483
158 168
158 277
158 278
158 282
158 291
158 320
158 341
158 374
158 382
158 405
158 420
158 428
158 472
158 491
159 205
159 243
159 268
159 352
159 379
159 396
159 415
159 429
159 430
159 464
159 470
160 180
160 183
160 194
160 266
160 267
160 279
160 309
160 318
160 324
160 363
160 474
160 476
160 490
160 491
161 211
161 216
161 231
161 246
161 249
161 312
161 313
161 357
161 387
161 425
161 427
161 475
161 477
162 210
162 212
162 213
162 306
162 376
162 409
162 454
163 179
163 222
163 237
163 242
163 248
163 276
163 296
163 332
163 338
163 406
163 463
164 189
164 218
164 230
164 236
164 284
164 287
164 328
164 350
164 352
164 364
164 376
164 379
164 387
164 400
165 174
165 198
165 229
165 361
165 402
165 464
165 473
166 190
166 210
166 226
166 234
166 285
166 312
166 332
166 362
166 370
166 374
166 442
166 444
166 472
166 489
167 182
167 190
167 196
167 199
167 203
167 216
167 269
167 272
167 303
167 313
167 345
167 352
167 357
167 373
167 397
167 404
167 414
167 445
167 459
168 214
168 219
168 256
168 259
168 277
168 328
168 363
168 365
168 412
168 481
168 487
169 171
169 205
169 218
169 285
169 289
169 338
169 357
169 371
169 385
169 402
169 403
169 407
169 492
170 180
170 252
170 281
170 282
170 297
170 348
170 352
170 370
170 372
170 403
170 428
170 473
170 480
171 172
171 180
171 187
171 265
171 313
171 336
171 432
171 484
172 182
172 247
172 261
172 282
172 319
172 325
172 358
172 369
172 379
172 427
172 446
172 474
173 196
173 232
173 325
173 340
173 356
173 412
173 469
174 182
174 207
174 238
174 256
174 276
174 301
174 436
174 443
174 445
174 448
175 197
175 198
175 271
175 326
175 338
175 360
175 390
175 429
175 436
176 184
176 192
176 321
176 325
176 329
176 366
176 376
176 468
176 491
176 497
177 179
177 218
177 231
177 284
177 286
177 330
177 348
177 368
177 389
177 392
177 421
177 494
178 190
178 205
178 248
178 272
178 339
178 350
178 367
178 399
178 424
178 478
179 338
179 369
179 383
179 482
179 485
179 497
179 498
180 289
180 351
180 384
180 406
180 423
180 431
180 496
180 498
181 218
181 269
181 296
181 330
181 362
181 402
181 420
181 424
181 430
181 457
182 203
182 217
182 255
182 267
182 341
182 385
182 417
182 446
182 470
183 198
183 278
183 330
183 338
183 383
183 412
183 419
183 435
184 199
184 224
184 237
184 282
184 295
184 438
184 464
184 484
184 492
185 211
185 232
185 274
185 276
185 287
185 314
185 319
185 332
185 357
185 370
185 408
185 480
186 272
186 369
186 391
186 407
186 460
187 197
187 207
187 211
187 218
187 229
187 254
187 289
187 296
187 321
187 326
187 347
187 434
187 437
187 466
187 489
187 495
188 216
188 233
188 238
188 260
188 289
188 293
188 319
188 325
188 356
188 369
188 370
188 378
188 395
188 431
188 468
188 496
189 224
189 244
189 267
189 289
189 303
189 338
189 348
189 350
189 442
189 470
190 239
190 275
190 288
190 306
190 316
190 327
190 341
190 367
190 390
190 399
190 435
190 466
190 469
191 193
191 224
191 235
191 280
191 285
191 293
191 307
191 314
191 329
191 337
191 338
191 387
191 439
191 494
192 216
192 270
192 303
192 347
192 416
192 436
193 273
193 318
193 335
193 337
193 367
193 378
193 390
193 396
193 442
194 198
194 224
194 240
194 350
194 383
194 399
194 411
194 429
195 206
195 254
195 262
195 284
195 290
195 293
195 372
195 385
195 401
195 429
195 445
195 455
196 279
196 315
196 326
196 351
196 385
196 391
196 407
196 435
197 214
197 228
197 300
197 308
197 344
197 361
197 411
197 454
197 455
197 486
197 499
198 200
198 230
198 257
198 283
198 310
198 326
198 345
198 367
198 382
198 383
198 393
198 410
198 412
198 492
199 216
199 243
199 292
199 310
199 345
199 401
199 405
199 448
199 461
199 482
200 230
200 241
200 247
200 302
200 414
200 421
200 425
200 471
201 223
201 227
201 235
201 251
201 273
201 347
201 388
201 390
201 436
201 448
201 469
201 473
201 487
202 219
202 225
202 291
202 320
202 325
202 355
202 356
202 400
202 401
202 402
202 412
202 440
202 465
203 204
203 232
203 240
203 301
203 316
203 373
203 394
203 452
203 479
204 242
204 272
204 273
204 277
204 314
204 320
204 366
204 375
204 383
204 416
205 216
205 236
205 294
205 303
205 338
205 342
205 385
206 213
206 222
206 236
206 237
206 253
206 288
206 348
206 385
206 387
206 390
206 440
206 481
207 215
207 220
207 244
207 265
207 277
207 291
207 384
207 436
207 448
207 487
207 489
207 498
208 287
208 301
208 318
208 322
208 352
208 396
208 443
208 446
208 454
208 481
208 493
209 231
209 238
209 339
209 443
210 216
210 218
210 321
210 351
210 407
210 443
210 454
210 499
211 259
211 264
211 283
211 336
211 410
211 422
211 428
211 469
212 217
212 240
212 336
212 383
212 413
212 418
212 421
212 443
212 449
212 491
213 251
213 274
213 431
213 490
213 497
214 242
214 243
214 280
214 290
214 291
214 387
214 413
214 427
214 450
214 498
215 218
215 243
215 271
215 392
215 429
215 457
215 495
215 498
216 218
216 229
216 264
216 348
216 369
216 493
217 262
217 272
217 284
217 288
217 305
217 358
217 393
217 439
218 280
218 299
218 315
218 321
218 324
218 356
218 393
218 443
219 229
219 313
219 368
219 401
220 254
220 260
220 360
220 434
220 440
220 463
220 497
221 222
221 229
221 285
221 307
221 342
221 405
221 434
221 455
221 497
221 499
222 239
222 254
222 278
222 282
222 333
222 338
222 374
222 396
222 451
222 472
222 494
222 499
223 258
223 283
223 285
223 292
223 315
223 446
223 455
224 244
224 246
224 254
224 277
224 293
224 333
224 350
224 388
224 401
224 416
224 455
224 461
224 472
224 477
225 324
225 331
225 361
225 406
225 436
225 472
225 491
225 494
226 302
226 305
226 306
226 326
226 328
226 360
226 398
227 308
227 377
227 413
227 476
228 277
228 301
228 309
228 382
228 413
229 254
229 286
229 317
229 399
229 414
229 435
229 453
229 461
229 483
230 257
230 275
230 348
230 358
230 360
230 365
230 400
230 470
230 491
231 261
231 284
231 290
231 353
231 365
231 384
231 471
231 484
231 486
232 244
232 269
232 274
232 318
232 434
232 437
232 445
232 478
233 235
233 303
233 409
233 434
233 476
234 265
234 268
234 334
234 352
234 391
234 424
234 427
234 460
235 275
235 291
235 293
235 312
235 316
235 375
235 401
235 415
235 419
235 488
235 491
235 498
236 237
236 253
236 256
236 283
236 297
236 310
236 377
236 398
236 437
237 253
237 280
237 302
237 332
237 337
237 353
237 371
237 463
237 489
238 261
238 312
238 364
238 368
238 369
238 394
238 412
238 465
238 474
238 492
239 279
239 388
239 398
240 261
240 322
240 358
240 386
240 455
240 460
240 487
240 489
240 491
241 270
241 281
241 311
241 319
241 326
241 350
241 388
241 409
241 441
241 478
242 258
242 267
242 287
242 301
242 336
242 364
242 383
242 414
242 424
243 244
243 308
243 328
243 352
243 479
244 252
244 311
244 312
244 355
244 370
244 411
244 441
244 444
244 493
245 256
245 389
245 415
245 442
245 460
245 461
245 467
245 470
245 473
245 482
246 364
246 414
246 421
246 485
246 487
247 287
247 312
247 395
247 429
247 430
247 439
248 266
248 331
248 334
248 341
248 342
248 401
248 426
248 480
249 287
249 291
249 310
249 395
249 408
249 450
250 261
250 265
250 288
250 303
250 304
250 307
250 342
250 346
250 355
250 370
250 371
250 387
250 418
250 485
251 313
251 349
251 362
251 401
251 435
251 457
251 475
252 323
252 327
252 361
252 402
252 459
252 479
252 484
253 279
253 283
253 286
253 345
253 373
253 428
253 481
254 288
254 302
254 310
254 327
254 367
254 368
254 372
254 402
254 403
255 259
255 260
255 341
255 345
255 450
255 484
255 493
255 498
256 389
256 444
256 454
257 274
257 282
257 389
257 392
257 417
257 424
257 468
258 293
258 330
258 369
258 379
258 405
258 408
258 446
258 447
258 453
258 458
259 273
259 313
259 412
259 442
259 467
259 470
259 481
260 381
261 290
261 339
261 413
261 418
261 450
261 456
261 469
262 282
262 289
262 294
262 300
262 304
262 325
262 338
262 344
262 377
262 394
262 397
262 411
262 416
263 276
263 284
263 296
263 342
263 397
263 412
263 416
263 435
263 473
264 295
264 299
264 306
264 327
264 409
265 273
265 309
265 337
265 348
265 361
265 397
265 476
266 268
266 274
266 310
266 349
266 383
267 295
267 300
267 336
267 350
267 448
267 466
267 497
268 275
268 308
268 345
268 382
268 402
268 409
268 434
268 456
268 459
269 285
269 388
269 466
270 331
270 361
270 378
270 389
270 399
270 409
270 412
270 425
270 436
270 485
271 273
271 414
271 418
271 420
271 460
271 486
271 497
272 290
272 304
272 378
272 389
272 463
272 466
273 329
273 338
273 357
273 378
273 391
273 395
273 408
273 426
273 433
273 486
273 497
274 328
274 357
274 401
274 420
275 282
275 316
275 356
275 376
275 385
275 389
275 394
275 456
276 282
276 284
276 304
276 348
276 382
276 393
276 482
277 281
277 294
277 309
277 315
277 333
277 344
277 391
277 436
277 439
277 467
277 489
278 298
278 349
278 368
278 413
278 452
278 474
279 322
279 335
279 365
279 374
279 416
279 481
279 483
280 331
280 425
280 455
280 493
281 298
281 328
281 340
281 364
281 377
281 411
281 444
282 321
282 365
282 371
282 499
283 322
283 352
283 375
283 400
283 437
283 492
284 356
284 408
284 433
284 455
284 468
284 481
285 302
285 332
285 349
285 355
285 394
285 453
285 460
285 473
285 484
286 363
286 378
286 425
286 430
286 448
286 462
286 472
286 487
286 491
287 305
287 328
287 364
287 371
287 389
287 392
287 482
288 294
288 327
288 345
288 387
288 393
288 427
289 306
289 318
289 332
289 387
289 458
289 476
289 488
290 324
290 341
290 389
290 428
290 455
290 465
291 305
291 320
291 356
291 376
291 383
291 390
291 408
291 434
291 466
291 475
291 477
291 497
292 330
292 363
292 379
292 410
292 421
292 460
293 319
293 358
293 384
293 385
293 393
293 400
293 448
293 465
293 499
294 299
294 342
294 355
294 371
294 395
294 409
294 424
294 428
294 433
294 468
294 473
295 340
295 367
295 369
295 406
295 438
295 452
295 459
295 489
295 493
296 326
296 355
296 359
296 370
296 385
296 389
296 436
296 440
296 482
296 487
297 334
297 344
297 357
297 362
297 408
297 451
298 320
298 409
298 439
298 463
298 486
298 491
299 330
299 342
300 309
300 352
300 364
300 369
300 382
300 383
300 407
300 448
301 312
301 355
301 378
301 394
301 405
301 412
301 461
302 304
302 313
302 320
302 390
302 417
302 450
302 460
303 312
303 377
303 394
303 414
303 454
303 484
304 313
304 335
304 377
304 397
304 398
304 451
304 480
304 491
305 343
306 317
306 338
306 347
306 351
306 361
306 369
306 404
306 436
306 468
307 339
307 351
307 372
307 399
307 428
307 434
307 449
308 311
308 363
308 385
308 394
308 409
308 414
308 438
308 461
308 464
308 482
308 483
308 495
309 311
309 361
309 370
309 413
309 439
309 462
310 401
310 415
310 420
310 428
310 485
311 370
311 371
311 400
311 405
311 482
311 495
312 317
312 332
312 366
312 405
312 411
312 457
312 483
313 389
313 421
313 455
314 342
314 372
314 384
314 391
314 455
314 466
314 486
314 487
314 498
315 323
315 339
315 342
315 372
315 429
315 456
316 347
316 369
316 405
316 435
316 460
317 366
317 411
317 435
317 450
317 453
318 370
318 402
318 403
318 443
318 456
319 398
319 426
319 457
320 354
320 375
320 411
320 433
320 474
321 325
321 346
321 355
321 376
321 445
321 494
322 332
322 358
322 363
322 383
322 394
322 406
322 411
322 477
322 484
323 340
323 350
323 395
323 425
323 438
323 447
323 472
323 492
323 493
324 390
324 425
324 487
324 496
325 331
325 353
325 460
325 487
326 363
326 383
326 384
326 415
326 479
327 395
327 403
327 417
328 337
328 347
328 351
328 394
328 404
328 478
328 482
329 390
329 411
329 414
329 462
329 488
330 349
330 351
330 392
330 446
331 339
331 403
331 407
331 449
331 459
331 462
331 482
332 406
332 475
332 483
333 343
333 386
333 394
333 436
333 439
333 448
333 484
334 361
334 370
334 444
334 446
335 393
335 400
336 358
336 394
336 437
337 343
337 362
337 439
338 340
338 408
338 452
338 463
339 353
339 433
339 458
339 478
339 498
340 358
340 390
340 411
340 415
340 432
340 439
340 452
340 493
341 362
341 384
341 406
341 417
341 428
341 436
341 438
341 467
341 488
342 365
342 368
342 379
342 438
342 469
342 482
343 371
343 379
343 411
343 439
343 461
343 476
343 489
344 425
344 434
345 391
345 393
346 347
346 398
346 428
346 497
347 491
348 366
348 430
348 468
348 499
349 372
349 405
349 427
349 442
349 452
349 464
349 467
350 363
350 402
350 406
351 375
351 425
351 451
351 470
351 491
352 381
352 442
352 491
352 495
353 355
353 367
353 459
353 479
354 373
354 378
354 394
354 405
354 443
355 412
355 458
355 486
356 381
356 392
356 411
356 448
356 475
357 385
357 481
357 497
358 416
358 419
358 433
358 437
358 439
358 443
358 470
358 477
358 485
358 490
358 495
359 384
359 389
359 398
359 412
359 462
359 493
360 390
360 430
360 449
361 427
361 483
362 390
362 451
362 459
363 443
363 450
363 462
364 377
364 378
364 405
364 421
364 439
365 482
366 424
366 434
366 446
366 455
366 476
367 381
367 398
367 474
367 487
368 369
368 436
368 442
368 453
368 486
369 391
369 395
369 467
369 480
369 492
370 429
370 448
370 477
370 482
371 378
371 393
371 402
371 432
371 467
371 474
372 433
373 383
373 397
373 422
373 446
373 482
374 380
374 409
374 428
374 497
375 381
375 417
375 425
375 427
375 442
376 388
376 424
376 481
377 380
377 384
377 403
377 405
377 413
377 446
377 447
377 467
377 478
377 490
377 491
378 412
378 454
378 458
379 404
379 414
379 420
379 448
379 484
379 496
380 398
380 413
380 415
380 425
380 452
380 473
380 477
381 398
381 487
381 494
382 431
382 450
382 463
382 477
382 498
383 388
383 425
383 440
383 464
383 489
384 395
384 404
384 416
384 455
384 467
384 498
385 449
385 472
385 486
385 497
386 391
386 418
386 429
386 448
386 466
386 481
387 446
387 450
387 484
388 415
388 422
388 434
388 463
388 492
389 410
389 437
389 478
390 401
390 408
390 468
390 469
390 473
390 478
390 481
391 451
391 482
391 488
391 491
392 398
392 419
392 427
392 438
392 447
392 470
393 398
393 482
394 405
394 420
394 442
394 448
394 486
395 441
396 451
397 431
397 437
397 465
398 405
398 474
399 413
399 424
399 433
400 403
400 410
400 425
401 406
401 446
402 427
402 459
404 448
404 451
404 491
405 418
405 459
405 461
406 433
406 468
406 481
407 433
408 427
408 469
409 422
409 463
409 468
410 411
410 441
410 444
410 465
411 413
412 416
412 442
412 466
412 468
413 446
413 469
413 492
414 467
415 467
415 487
416 419
416 445
416 460
416 468
417 420
417 448
417 496
418 446
418 470
418 472
418 497
419 469
419 481
419 485
420 442
420 454
420 472
421 437
421 453
421 466
421 496
422 434
422 496
423 449
423 457
424 431
424 437
424 441
424 457
425 469
426 437
426 461
426 491
427 446
428 472
428 481
428 494
430 436
430 496
431 457
431 465
431 491
431 494
432 445
432 450
432 487
433 435
433 442
433 450
434 460
434 462
435 467
435 476
435 490
436 472
436 479
437 485
438 455
438 459
439 471
440 481
440 483
440 486
441 445
442 461
442 482
442 488
443 466
443 474
443 481
444 460
445 453
445 461
445 473
445 497
446 462
446 471
446 474
449 460
449 463
449 485
450 452
450 473
451 459
451 472
453 459
453 481
453 488
454 461
454 490
455 463
455 495
456 482
456 484
456 487
456 499
457 498
458 496
459 466
460 473
460 475
461 474
461 477
461 479
461 482
462 468
464 466
466 467
469 470
469 471
469 477
469 481
469 486
470 480
471 480
473 476
476 477
483 497
484 497
485 495
487 493
488 489
490 499
493 495
